"size_based.Assemblage" "size_based.t" "size_based.Method" "size_based.Order.q" "size_based.qD" "size_based.qD.LCL" "size_based.qD.UCL" "size_based.SC" "size_based.SC.LCL" "size_based.SC.UCL" "coverage_based.Assemblage" "coverage_based.SC" "coverage_based.t" "coverage_based.Method" "coverage_based.Order.q" "coverage_based.qD" "coverage_based.qD.LCL" "coverage_based.qD.UCL"
"1" "Bosque" 1 "Rarefaction" 0 1.39153439153439 1.25405272246323 1.52901606060555 0.155286789094766 0.126047998956874 0.184525579232658 "Bosque" 0.155286789094766 1 "Rarefaction" 0 1.39153439153439 1.23677785428201 1.54629092878677
"2" "Bosque" 11 "Rarefaction" 0 8.91423053747055 7.97966993394063 9.84879114100048 0.648336027916998 0.609447167631763 0.687224888202233 "Bosque" 0.648335695843721 11 "Rarefaction" 0 8.91422061145162 7.32027832218687 10.5081629007164
"3" "Bosque" 21 "Rarefaction" 0 12.9956639794471 11.599832807812 14.3914951510823 0.761714173319721 0.730416625662624 0.793011720976819 "Bosque" 0.761714354953471 21 "Rarefaction" 0 12.9956717319921 10.86791636671 15.1234270972742
"4" "Bosque" 32 "Rarefaction" 0 16.1482335963031 14.4302945304771 17.866172662129 0.826274292214507 0.800448265051218 0.852100319377795 "Bosque" 0.826274257406884 32 "Rarefaction" 0 16.1482316486326 13.7125643729702 18.583898924295
"5" "Bosque" 42 "Rarefaction" 0 18.3220017054725 16.4006758559543 20.2433275549906 0.862516996689996 0.839865817906813 0.885168175473179 "Bosque" 0.86251708975141 42 "Rarefaction" 0 18.3220077133855 15.6890646567368 20.9549507700341
"6" "Bosque" 52 "Rarefaction" 0 20.0685253066877 17.9906085294887 22.1464420838867 0.887585362511867 0.867180153843194 0.907990571180541 "Bosque" 0.88758540453803 52 "Rarefaction" 0 20.0685284074656 17.2732756481678 22.8637811667635
"7" "Bosque" 63 "Rarefaction" 0 21.6427300694016 19.4228012476762 23.862658891127 0.907493195042427 0.889055536819949 0.925930853264905 "Bosque" 0.907493192702314 63 "Rarefaction" 0 21.642729870803 18.6845654202377 24.6008943213683
"8" "Bosque" 73 "Rarefaction" 0 22.8410641425375 20.5080385888038 25.1740896962712 0.921048704728022 0.90410149553059 0.937995913925455 "Bosque" 0.921048687847825 73 "Rarefaction" 0 22.8410625589929 19.7364508664249 25.945674251561
"9" "Bosque" 84 "Rarefaction" 0 23.9658989762589 21.519065710676 26.4127322418419 0.932522192951619 0.916919163624331 0.948125222278907 "Bosque" 0.93252219607226 84 "Rarefaction" 0 23.965899297289 20.6985394764019 27.2332591181761
"10" "Bosque" 94 "Rarefaction" 0 24.8516354906437 22.3073298855172 27.3959410957702 0.940688789330951 0.926055996691144 0.955321581970757 "Bosque" 0.940688795713947 94 "Rarefaction" 0 24.85163621294 21.435745805821 28.267526620059
"11" "Bosque" 104 "Rarefaction" 0 25.6342455845885 22.9958405511489 28.2726506180282 0.947258455413284 0.933384275807594 0.961132635018974 "Bosque" 0.947258450872755 104 "Rarefaction" 0 25.6342450142575 22.0693788096888 29.1991112188262
"12" "Bosque" 115 "Rarefaction" 0 26.3993432210734 23.6593891304276 29.1392973117193 0.953095735486183 0.939850254121509 0.966341216850857 "Bosque" 0.953095743473293 115 "Rarefaction" 0 26.3993443163597 22.6671174730519 30.1315711596675
"13" "Bosque" 125 "Rarefaction" 0 27.0239136752609 24.1921071815911 29.8557201689306 0.957440289236123 0.944609753052159 0.970270825420087 "Bosque" 0.957440285309287 125 "Rarefaction" 0 27.023913082921 23.1291021713691 30.9187239944729
"14" "Bosque" 136 "Rarefaction" 0 27.6468019972814 24.7133422050671 30.5802617894957 0.961411202565505 0.94888827904418 0.97393412608683 "Bosque" 0.961411201554126 136 "Rarefaction" 0 27.6468018306292 23.5418186166992 31.7517850445591
"15" "Bosque" 146 "Rarefaction" 0 28.1642054890702 25.1370103370032 31.1914006411372 0.964449138153167 0.952080925769868 0.976817350536467 "Bosque" 0.964449144264572 146 "Rarefaction" 0 28.1642065659456 23.7865055308386 32.5419076010525
"16" "Bosque" 156 "Rarefaction" 0 28.6421306506899 25.5193490406102 31.7649122607696 0.967058314789084 0.954727831966398 0.97938879761177 "Bosque" 0.967058312201523 156 "Rarefaction" 0 28.6421301579004 23.906000682584 33.3782596332168
"17" "Bosque" 167 "Rarefaction" 0 29.1286767663765 25.8980109457331 32.3593425870199 0.96953322533428 0.95710493949844 0.98196151117012 "Bosque" 0.969533226253902 167 "Rarefaction" 0 29.1286769531331 23.8881972479983 34.3691566582678
"18" "Bosque" 177 "Rarefaction" 0 29.5400792386647 26.2083099322509 32.8718485450784 0.971492181318112 0.95884140019585 0.984142962440374 "Bosque" 0.971492184461989 177 "Rarefaction" 0 29.5400799172296 23.8055322838405 35.2746275506188
"19" "Bosque" 188 "Rarefaction" 0 29.962962962963 26.5159884900558 33.4099374358701 0.973384030418251 0.960333142746143 0.986434918090359 "Bosque" 0.973384030418251 188 "Rarefaction" 0 29.9452290964505 23.6854375224871 36.205020670414
"20" "Bosque" 189 "Observed" 0 30 26.5423186070105 33.4576813929895 0.973544851986721 0.9604527215642 0.986636982409241 "Bosque" 0.973544851986721 189 "Observed" 0 30 23.6938019488841 36.3061980511159
"21" "Bosque" 190 "Extrapolation" 0 30.0368132482936 26.568383126774 33.5052433698132 0.973704701823659 0.960571439171327 0.986837964475991 "Bosque" 0.973704701823659 190 "Extrapolation" 0 30.0368132482936 23.682324783958 36.3913017126293
"22" "Bosque" 199 "Extrapolation" 0 30.3582824285719 26.7911984585729 33.9253663985708 0.975100579623909 0.961609191127614 0.988591968120204 "Bosque" 0.975100579623909 199 "Extrapolation" 0 30.3582824285719 23.5726242565291 37.1439406006146
"23" "Bosque" 209 "Extrapolation" 0 30.6954956166402 27.0146530047439 34.3763382285364 0.976564820776883 0.962719372284424 0.990410269269342 "Bosque" 0.976564820776883 209 "Extrapolation" 0 30.6954956166402 23.4286215141366 37.9623697191438
"24" "Bosque" 219 "Extrapolation" 0 31.0128785669023 27.2138495187839 34.8119076150207 0.977942955421284 0.963804076333371 0.992081834509198 "Bosque" 0.977942955421284 219 "Extrapolation" 0 31.0128785669023 23.2694049400483 38.7563521937563
"25" "Bosque" 229 "Extrapolation" 0 31.3115974209723 27.3900122665516 35.2331825753931 0.979240047156646 0.9648719797763 0.993608114536992 "Bosque" 0.979240047156646 229 "Extrapolation" 0 31.3115974209723 23.1018348530773 39.5213599888674
"26" "Bosque" 239 "Extrapolation" 0 31.5927497440673 27.5444189708101 35.6410805173244 0.980460861811281 0.965925386619217 0.994996337003344 "Bosque" 0.980460861811281 239 "Extrapolation" 0 31.5927497440673 22.9314249429716 40.2540745451629
"27" "Bosque" 249 "Extrapolation" 0 31.8573685577266 27.6783825878755 36.0363545275777 0.981609884953082 0.966963460446359 0.996256309459804 "Bosque" 0.981609884953082 249 "Extrapolation" 0 31.8573685577266 22.7604146238767 40.9543224915765
"28" "Bosque" 259 "Extrapolation" 0 32.1064261353829 27.7932281815306 36.4196240892352 0.982691338370587 0.967984003015983 0.997398673725191 "Bosque" 0.982691338370587 259 "Extrapolation" 0 32.1064261353829 22.5950981366993 41.6177541340664
"29" "Bosque" 269 "Extrapolation" 0 32.3408375747293 27.890270319338 36.7914048301205 0.983709195584846 0.968984411873874 0.998433979295818 "Bosque" 0.983709195584846 269 "Extrapolation" 0 32.3408375747292 22.4325685787667 42.2491065706918
"30" "Bosque" 279 "Extrapolation" 0 32.5614641600094 27.9707936738956 37.1521346461231 0.9846671964491 0.969962176563077 0.999372216335124 "Bosque" 0.9846671964491 279 "Extrapolation" 0 32.5614641600094 22.2748445318719 42.8480837881469
"31" "Bosque" 288 "Extrapolation" 0 32.7489130246627 28.0301667804436 37.4676592688818 0.985481133600479 0.97082099311335 1 "Bosque" 0.985481133600479 288 "Extrapolation" 0 32.7489130246627 22.1369811918317 43.3608448574937
"32" "Bosque" 298 "Extrapolation" 0 32.9455422293498 28.0826734393465 37.8084110193531 0.986334933462307 0.971750076263264 1 "Bosque" 0.986334933462307 298 "Extrapolation" 0 32.9455422293498 21.990198063666 43.9008863950336
"33" "Bosque" 308 "Extrapolation" 0 33.1306084109211 28.1220960384681 38.1391207833741 0.987138524569264 0.972651374626904 1 "Bosque" 0.987138524569264 308 "Extrapolation" 0 33.1306084109211 21.8486705150141 44.412546306828
"34" "Bosque" 318 "Extrapolation" 0 33.3047915472251 28.1494950651016 38.4600880293486 0.987894859509162 0.973523949037663 1 "Bosque" 0.987894859509162 318 "Extrapolation" 0 33.3047915472251 21.7123452621714 44.8972378322789
"35" "Bosque" 328 "Extrapolation" 0 33.4687316291738 28.1658628152705 38.7716004430771 0.988606717239241 0.974367238308861 1 "Bosque" 0.988606717239241 328 "Extrapolation" 0 33.4687316291738 21.5821444527003 45.3553188056473
"36" "Bosque" 338 "Extrapolation" 0 33.6230310122232 28.1721237758556 39.0739382485909 0.989276713296731 0.975181009082701 1 "Bosque" 0.989276713296731 338 "Extrapolation" 0 33.6230310122232 21.4607063516974 45.7853556727491
"37" "Bosque" 348 "Extrapolation" 0 33.7682566295734 28.1691363999231 39.3673768592238 0.989907309408966 0.975965304677232 1 "Bosque" 0.989907309408966 348 "Extrapolation" 0 33.7682566295734 21.3435605527757 46.1929527063712
"38" "Bosque" 358 "Extrapolation" 0 33.9049420752177 28.1576958250844 39.652188325351 0.990500822538365 0.97672039667122 1 "Bosque" 0.990500822538365 358 "Extrapolation" 0 33.9049420752177 21.2323012774956 46.5775828729397
"39" "Bosque" 368 "Extrapolation" 0 34.0335895644958 28.1385371824278 39.9286419465638 0.991059433395511 0.977446741027179 1 "Bosque" 0.991059433395511 368 "Extrapolation" 0 34.0335895644958 21.1267480176564 46.9404311113352
"40" "Bosque" 378 "Extrapolation" 0 34.1546717793546 28.1123392295632 40.197004329146 0.99158519445161 0.978144939435424 1 "Bosque" 0.99158519445161 378 "Extrapolation" 0 34.1546717793546 21.0267004529897 47.2826431057195
"41" "Bosque" 1 "Rarefaction" 1 1.39153439153439 1.25405272246323 1.52901606060555 0.155286789094766 0.126047998956874 0.184525579232658 "Bosque" 0.155286789094766 1 "Rarefaction" 1 1.39153439153439 1.23882915163551 1.54423963143327
"42" "Bosque" 11 "Rarefaction" 1 7.35706173697899 6.50983516694845 8.20428830700953 0.648336027916998 0.609447167631763 0.687224888202233 "Bosque" 0.648335695843721 11 "Rarefaction" 1 7.35705553731765 6.11201827425099 8.60209280038432
"43" "Bosque" 21 "Rarefaction" 1 9.52050906777716 8.311559948981 10.7294581865733 0.761714173319721 0.730416625662624 0.793011720976819 "Bosque" 0.761714354953471 21 "Rarefaction" 1 9.52051257367932 8.04786644311491 10.9931587042437
"44" "Bosque" 32 "Rarefaction" 1 10.8216746693959 9.38698190171833 12.2563674370734 0.826274292214507 0.800448265051218 0.852100319377795 "Bosque" 0.826274257406884 32 "Rarefaction" 1 10.8216739390986 9.23030665740906 12.4130412207882
"45" "Bosque" 42 "Rarefaction" 1 11.5773119710053 10.0115498590022 13.1430740830085 0.862516996689996 0.839865817906813 0.885168175473179 "Bosque" 0.86251708975141 42 "Rarefaction" 1 11.5773139090094 9.91250843711775 13.242119380901
"46" "Bosque" 52 "Rarefaction" 1 12.1145294798062 10.4562843786366 13.7727745809758 0.887585362511867 0.867180153843194 0.907990571180541 "Bosque" 0.88758540453803 52 "Rarefaction" 1 12.1145303789832 10.3938746819158 13.8351860760505
"47" "Bosque" 63 "Rarefaction" 1 12.5519034318662 10.8189291930036 14.2848776707288 0.907493195042427 0.889055536819949 0.925930853264905 "Bosque" 0.907493192702314 63 "Rarefaction" 1 12.5519033790741 10.781273918026 14.3225328401221
"48" "Bosque" 73 "Rarefaction" 1 12.8579399860146 11.0729518469561 14.6429281250732 0.921048704728022 0.90410149553059 0.937995913925455 "Bosque" 0.921048687847825 73 "Rarefaction" 1 12.8579395948031 11.0486517322326 14.6672274573737
"49" "Bosque" 84 "Rarefaction" 1 13.1255674939846 11.2952197341033 14.9559152538659 0.932522192951619 0.916919163624331 0.948125222278907 "Bosque" 0.93252219607226 84 "Rarefaction" 1 13.1255675675324 11.2794388621196 14.9716962729452
"50" "Bosque" 94 "Rarefaction" 1 13.3235213286886 11.4596517888922 15.1873908684851 0.940688789330951 0.926055996691144 0.955321581970757 "Bosque" 0.940688795713947 94 "Rarefaction" 1 13.3235214851962 11.4480852034448 15.1989577669475
"51" "Bosque" 104 "Rarefaction" 1 13.4892819046334 11.5973268652911 15.3812369439758 0.947258455413284 0.933384275807594 0.961132635018974 "Bosque" 0.947258450872755 104 "Rarefaction" 1 13.4892817866417 11.5877308906887 15.3908326825947
"52" "Bosque" 115 "Rarefaction" 1 13.643120635687 11.7250592592198 15.5611820121542 0.953095735486183 0.939850254121509 0.966341216850857 "Bosque" 0.953095743473293 115 "Rarefaction" 1 13.6431208496229 11.7157220629624 15.5705196362834
"53" "Bosque" 125 "Rarefaction" 1 13.7626964250825 11.8242980638598 15.7010947863052 0.957440289236123 0.944609753052159 0.970270825420087 "Bosque" 0.957440285309287 125 "Rarefaction" 1 13.7626963139936 11.8138472341967 15.7115453937905
"54" "Bosque" 136 "Rarefaction" 1 13.8765686931572 11.9187534956097 15.8343838907047 0.961411202565505 0.94888827904418 0.97393412608683 "Bosque" 0.961411201554126 136 "Rarefaction" 1 13.8765686633476 11.9058205843925 15.8473167423026
"55" "Bosque" 146 "Rarefaction" 1 13.9670714416437 11.9937823782929 15.9403605049944 0.964449138153167 0.952080925769868 0.976817350536467 "Bosque" 0.964449144264572 146 "Rarefaction" 1 13.9670716257871 11.977205602546 15.9569376490283
"56" "Bosque" 156 "Rarefaction" 1 14.0473843133875 12.0603289228725 16.0344397039026 0.967058314789084 0.954727831966398 0.97938879761177 "Bosque" 0.967058312201523 156 "Rarefaction" 1 14.0473842320408 12.0427784119122 16.0519900521694
"57" "Bosque" 167 "Rarefaction" 1 14.1259266090035 12.1253755119968 16.1264777060102 0.96953322533428 0.95710493949844 0.98196151117012 "Bosque" 0.969533226253902 167 "Rarefaction" 1 14.125926638478 12.1056433741745 16.1462099027815
"58" "Bosque" 177 "Rarefaction" 1 14.1898282590852 12.1782740111914 16.201382506979 0.971492181318112 0.95884140019585 0.984142962440374 "Bosque" 0.971492184461989 177 "Rarefaction" 1 14.1898283624209 12.1547389383012 16.2249177865406
"59" "Bosque" 188 "Rarefaction" 1 14.2531432226067 12.2306695567797 16.2756168884337 0.973384030418251 0.960333142746143 0.986434918090359 "Bosque" 0.973384030418251 188 "Rarefaction" 1 14.2505336892856 12.1993325652264 16.3017348133448
"60" "Bosque" 189 "Observed" 1 14.2585749224254 12.2351638782886 16.2819859665621 0.973544851986721 0.9604527215642 0.986636982409241 "Bosque" 0.973544851986721 189 "Observed" 1 14.2585749224254 12.2059103684981 16.3112394763526
"61" "Bosque" 190 "Extrapolation" 1 14.2639792320198 12.239635414722 16.2883230493175 0.973704701823659 0.960571439171327 0.986837964475991 "Bosque" 0.973704701823659 190 "Extrapolation" 1 14.2639792320198 12.2097394720509 16.3182189919886
"62" "Bosque" 199 "Extrapolation" 1 14.3114080197922 12.278872781818 16.3439432577664 0.975100579623909 0.961609191127614 0.988591968120204 "Bosque" 0.975100579623909 199 "Extrapolation" 1 14.3114080197922 12.2436211462204 16.3791948933641
"63" "Bosque" 209 "Extrapolation" 1 14.3616365728478 12.3204155402126 16.402857605483 0.976564820776883 0.962719372284424 0.990410269269342 "Bosque" 0.976564820776883 209 "Extrapolation" 1 14.3616365728478 12.2796750173471 16.4435981283486
"64" "Bosque" 219 "Extrapolation" 1 14.4093889793467 12.3598992006494 16.4588787580439 0.977942955421284 0.963804076333371 0.992081834509198 "Bosque" 0.977942955421284 219 "Extrapolation" 1 14.4093889793467 12.3144975261812 16.5042804325121
"65" "Bosque" 229 "Extrapolation" 1 14.4547873073437 12.3974253370944 16.5121492775929 0.979240047156646 0.9648719797763 0.993608114536992 "Bosque" 0.979240047156646 229 "Extrapolation" 1 14.4547873073437 12.347445375264 16.5621292394233
"66" "Bosque" 239 "Extrapolation" 1 14.4979476072329 12.4330903744021 16.5628048400637 0.980460861811281 0.965925386619217 0.994996337003344 "Bosque" 0.980460861811281 239 "Extrapolation" 1 14.4979476072329 12.3792603234408 16.616634891025
"67" "Bosque" 249 "Extrapolation" 1 14.5389802084038 12.466985885759 16.6109745310487 0.981609884953082 0.966963460446359 0.996256309459804 "Bosque" 0.981609884953082 249 "Extrapolation" 1 14.5389802084038 12.4098141730417 16.668146243766
"68" "Bosque" 259 "Extrapolation" 1 14.5779900012731 12.4991988666414 16.6567811359049 0.982691338370587 0.967984003015983 0.997398673725191 "Bosque" 0.982691338370587 259 "Extrapolation" 1 14.5779900012731 12.4390822965936 16.7168977059526
"69" "Bosque" 269 "Extrapolation" 1 14.6150767054126 12.5298119879882 16.7003414228371 0.983709195584846 0.968984411873874 0.998433979295818 "Bosque" 0.983709195584846 269 "Extrapolation" 1 14.6150767054126 12.4673174998156 16.7628359110097
"70" "Bosque" 279 "Extrapolation" 1 14.6503351244599 12.5589038308992 16.7417664180207 0.9846671964491 0.969962176563077 0.999372216335124 "Bosque" 0.9846671964491 279 "Extrapolation" 1 14.6503351244599 12.4943343815289 16.806335867391
"71" "Bosque" 288 "Extrapolation" 1 14.6805791031531 12.5838476205067 16.7773105857995 0.985481133600479 0.97082099311335 1 "Bosque" 0.985481133600479 288 "Extrapolation" 1 14.6805791031531 12.5178222403531 16.8433359659531
"72" "Bosque" 298 "Extrapolation" 1 14.7126084119284 12.6102518231892 16.8149650006675 0.986334933462307 0.971750076263264 1 "Bosque" 0.986334933462307 298 "Extrapolation" 1 14.7126084119284 12.5429409406818 16.8822758831749
"73" "Bosque" 308 "Extrapolation" 1 14.7430587530087 12.6353414562877 16.8507760497296 0.987138524569264 0.972651374626904 1 "Bosque" 0.987138524569264 308 "Extrapolation" 1 14.7430587530087 12.5670859198745 16.9190315861429
"74" "Bosque" 318 "Extrapolation" 1 14.7720079656943 12.6591811051417 16.8848348262469 0.987894859509162 0.973523949037663 1 "Bosque" 0.987894859509162 318 "Extrapolation" 1 14.7720079656943 12.5900536648155 16.9539622665731
"75" "Bosque" 328 "Extrapolation" 1 14.7995300519956 12.6818322058683 16.9172278981229 0.988606717239241 0.974367238308861 1 "Bosque" 0.988606717239241 328 "Extrapolation" 1 14.7995300519956 12.6120124053624 16.9870476986288
"76" "Bosque" 338 "Extrapolation" 1 14.8256953658023 12.7033532034573 16.9480375281474 0.989276713296731 0.975181009082701 1 "Bosque" 0.989276713296731 338 "Extrapolation" 1 14.8256953658023 12.6340009904918 17.0173897411128
"77" "Bosque" 348 "Extrapolation" 1 14.850570792727 12.72379970066 16.9773418847941 0.989907309408966 0.975965304677232 1 "Bosque" 0.989907309408966 348 "Extrapolation" 1 14.850570792727 12.6545908546131 17.046550730841
"78" "Bosque" 358 "Extrapolation" 1 14.8742199210829 12.7432245984266 17.0052152437393 0.990500822538365 0.97672039667122 1 "Bosque" 0.990500822538365 358 "Extrapolation" 1 14.8742199210829 12.674362984813 17.0740768573529
"79" "Bosque" 368 "Extrapolation" 1 14.8967032044326 12.7616782285536 17.0317281803116 0.991059433395511 0.977446741027179 1 "Bosque" 0.991059433395511 368 "Extrapolation" 1 14.8967032044326 12.6933357609831 17.1000706478822
"80" "Bosque" 378 "Extrapolation" 1 14.9180781161239 12.7792084791326 17.0569477531152 0.99158519445161 0.978144939435424 1 "Bosque" 0.99158519445161 378 "Extrapolation" 1 14.9180781161239 12.7115290566565 17.1246271755914
"81" "Bosque" 1 "Rarefaction" 2 1.39153439153439 1.25405272246323 1.52901606060555 0.155286789094766 0.126047998956874 0.184525579232658 "Bosque" 0.155286789094766 1 "Rarefaction" 2 1.39153439153439 1.24144834625949 1.5416204368093
"82" "Bosque" 11 "Rarefaction" 2 5.99595394699338 5.2590905220907 6.73281737189606 0.648336027916998 0.609447167631763 0.687224888202233 "Bosque" 0.648335695843721 11 "Rarefaction" 2 5.99595024445733 5.04225113428348 6.94964935463119
"83" "Bosque" 21 "Rarefaction" 2 7.11741421624971 6.12803891763121 8.10678951486822 0.761714173319721 0.730416625662624 0.793011720976819 "Bosque" 0.761714354953471 21 "Rarefaction" 2 7.11741578715694 6.05091753356899 8.18391404074489
"84" "Bosque" 32 "Rarefaction" 2 7.65908831971126 6.53103804768302 8.7871385917395 0.826274292214507 0.800448265051218 0.852100319377795 "Bosque" 0.826274257406884 32 "Rarefaction" 2 7.65908803917118 6.51345671487226 8.8047193634701
"85" "Bosque" 42 "Rarefaction" 2 7.93353625092967 6.7311093142415 9.13596318761784 0.862516996689996 0.839865817906813 0.885168175473179 "Bosque" 0.86251708975141 42 "Rarefaction" 2 7.93353691707894 6.73476748909936 9.13230634505852
"86" "Bosque" 52 "Rarefaction" 2 8.1124238148241 6.86003542300985 9.36481220663835 0.887585362511867 0.867180153843194 0.907990571180541 "Bosque" 0.88758540453803 52 "Rarefaction" 2 8.11242410267524 6.87346393729081 9.35138426805967
"87" "Bosque" 63 "Rarefaction" 2 8.24882139504198 6.9575549215057 9.54008786857827 0.907493195042427 0.889055536819949 0.925930853264905 "Bosque" 0.907493192702314 63 "Rarefaction" 2 8.24882137901915 6.97559726928263 9.52204548875566
"88" "Bosque" 73 "Rarefaction" 2 8.33962230800131 7.02209918974333 9.6571454262593 0.921048704728022 0.90410149553059 0.937995913925455 "Bosque" 0.921048687847825 73 "Rarefaction" 2 8.33962219407112 7.04162995464731 9.63761443349493
"89" "Bosque" 84 "Rarefaction" 2 8.41605174499879 7.07619559695079 9.7559078930468 0.932522192951619 0.916919163624331 0.948125222278907 "Bosque" 0.93252219607226 84 "Rarefaction" 2 8.41605176560204 7.09595238720306 9.73615114400101
"90" "Bosque" 94 "Rarefaction" 2 8.47085976226861 7.11485794522735 9.82686157930987 0.940688789330951 0.926055996691144 0.955321581970757 "Bosque" 0.940688795713947 94 "Rarefaction" 2 8.47085980498098 7.13417644571003 9.80754316425193
"91" "Bosque" 104 "Rarefaction" 2 8.51565166685645 7.1463738953258 9.88492943838711 0.947258455413284 0.933384275807594 0.961132635018974 "Bosque" 0.947258450872755 104 "Rarefaction" 2 8.51565163529456 7.1649387697551 9.86636450083401
"92" "Bosque" 115 "Rarefaction" 2 8.55633179883564 7.17493376019992 9.93772983747136 0.953095735486183 0.939850254121509 0.966341216850857 "Bosque" 0.953095743473293 115 "Rarefaction" 2 8.55633185476312 7.1924852192852 9.92017849024105
"93" "Bosque" 125 "Rarefaction" 2 8.58735986931635 7.19667700483299 9.9780427337997 0.957440289236123 0.944609753052159 0.970270825420087 "Bosque" 0.957440285309287 125 "Rarefaction" 2 8.58735984070922 7.2132801694957 9.96143951192274
"94" "Bosque" 136 "Rarefaction" 2 8.6164232273366 7.21701183568351 10.0158346189897 0.961411202565505 0.94888827904418 0.97393412608683 "Bosque" 0.961411201554126 136 "Rarefaction" 2 8.61642321978541 7.23272794598183 10.000118493589
"95" "Bosque" 146 "Rarefaction" 2 8.63918065423469 7.23291323481971 10.0454480736497 0.964449138153167 0.952080925769868 0.976817350536467 "Bosque" 0.964449144264572 146 "Rarefaction" 2 8.63918070019868 7.24819644544069 10.0301649549567
"96" "Bosque" 156 "Rarefaction" 2 8.65911877123505 7.24682928114425 10.0714082613258 0.967058314789084 0.954727831966398 0.97938879761177 "Bosque" 0.967058312201523 156 "Rarefaction" 2 8.65911875115217 7.26281139199974 10.0554261103046
"97" "Bosque" 167 "Rarefaction" 2 8.67837979231717 7.26025908145106 10.0965005031833 0.96953322533428 0.95710493949844 0.98196151117012 "Bosque" 0.969533226253902 167 "Rarefaction" 2 8.67837979949683 7.27710274336752 10.0796568556261
"98" "Bosque" 177 "Rarefaction" 2 8.69387429398906 7.27105292537931 10.1166956625988 0.971492181318112 0.95884140019585 0.984142962440374 "Bosque" 0.971492184461989 177 "Rarefaction" 2 8.69387431890372 7.28841510768078 10.0993335301267
"99" "Bosque" 188 "Rarefaction" 2 8.70906793799275 7.28162875273675 10.1365071232488 0.973384030418251 0.960333142746143 0.986434918090359 "Bosque" 0.973384030418251 188 "Rarefaction" 2 8.70844473569973 7.29839978256112 10.1184896888383
"100" "Bosque" 189 "Observed" 2 8.71036393401335 7.28253046921128 10.1381973988154 0.973544851986721 0.9604527215642 0.986636982409241 "Bosque" 0.973544851986721 189 "Observed" 2 8.71036393401335 7.29991002061961 10.1208178474071
"101" "Bosque" 190 "Extrapolation" 2 8.71164666767185 7.28342289831128 10.1398704370324 0.973704701823659 0.960571439171327 0.986837964475991 "Bosque" 0.973704701823659 190 "Extrapolation" 2 8.71164666767185 7.30078184354859 10.1225114917951
"102" "Bosque" 199 "Extrapolation" 2 8.72262657582288 7.29105945398287 10.1541936976629 0.975100579623909 0.961609191127614 0.988591968120204 "Bosque" 0.975100579623909 199 "Extrapolation" 2 8.72262657582288 7.30823201587409 10.1370211357717
"103" "Bosque" 209 "Extrapolation" 2 8.73374552624195 7.29878827183033 10.1687027806536 0.976564820776883 0.962719372284424 0.990410269269342 "Bosque" 0.976564820776883 209 "Extrapolation" 2 8.73374552624195 7.31583855873039 10.1516524937535
"104" "Bosque" 219 "Extrapolation" 2 8.74387365814485 7.30582447872111 10.1819228375686 0.977942955421284 0.963804076333371 0.992081834509198 "Bosque" 0.977942955421284 219 "Extrapolation" 2 8.74387365814485 7.32285841502218 10.1648889012675
"105" "Bosque" 229 "Extrapolation" 2 8.75313776130208 7.312257181275 10.1940183413292 0.979240047156646 0.9648719797763 0.993608114536992 "Bosque" 0.979240047156646 229 "Extrapolation" 2 8.75313776130208 7.32915716471642 10.1771183578877
"106" "Bosque" 239 "Extrapolation" 2 8.76164387766427 7.31816082984628 10.2051269254823 0.980460861811281 0.965925386619217 0.994996337003344 "Bosque" 0.980460861811281 239 "Extrapolation" 2 8.76164387766427 7.33496253738743 10.1883252179411
"107" "Bosque" 249 "Extrapolation" 2 8.76948137852075 7.32359811277981 10.2153646442617 0.981609884953082 0.966963460446359 0.996256309459804 "Bosque" 0.981609884953082 249 "Extrapolation" 2 8.76948137852075 7.34031043981632 10.1986523172252
"108" "Bosque" 259 "Extrapolation" 2 8.7767261165719 7.32862219088399 10.2248300422598 0.982691338370587 0.967984003015983 0.997398673725191 "Bosque" 0.982691338370587 259 "Extrapolation" 2 8.7767261165719 7.34511140336658 10.2083408297772
"109" "Bosque" 269 "Extrapolation" 2 8.7834428888726 7.33327844116858 10.2336073365766 0.983709195584846 0.968984411873874 0.998433979295818 "Bosque" 0.983709195584846 269 "Extrapolation" 2 8.7834428888726 7.34956733870702 10.2173184390382
"110" "Bosque" 279 "Extrapolation" 2 8.78968738023982 7.33760583114334 10.2417689293363 0.9846671964491 0.969962176563077 0.999372216335124 "Bosque" 0.9846671964491 279 "Extrapolation" 2 8.78968738023982 7.35363667337379 10.2257380871058
"111" "Bosque" 288 "Extrapolation" 2 8.79494352895772 7.34124721435395 10.2486398435615 0.985481133600479 0.97082099311335 1 "Bosque" 0.985481133600479 288 "Extrapolation" 2 8.79494352895772 7.35707858579836 10.2328084721171
"112" "Bosque" 298 "Extrapolation" 2 8.80041800987973 7.34503879374452 10.2557972260149 0.986334933462307 0.971750076263264 1 "Bosque" 0.986334933462307 298 "Extrapolation" 2 8.80041800987972 7.36062882747651 10.2402071922829
"113" "Bosque" 308 "Extrapolation" 2 8.80554317442861 7.34858745826047 10.2624988905967 0.987138524569264 0.972651374626904 1 "Bosque" 0.987138524569264 308 "Extrapolation" 2 8.80554317442861 7.36393646466641 10.2471498841908
"114" "Bosque" 318 "Extrapolation" 2 8.81035142274345 7.35191582723264 10.2687870182543 0.987894859509162 0.973523949037663 1 "Bosque" 0.987894859509162 318 "Extrapolation" 2 8.81035142274345 7.36695545547474 10.2537473900122
"115" "Bosque" 328 "Extrapolation" 2 8.81487126818689 7.35504379626377 10.27469874011 0.988606717239241 0.974367238308861 1 "Bosque" 0.988606717239241 328 "Extrapolation" 2 8.81487126818689 7.36980304356102 10.2599394928128
"116" "Bosque" 338 "Extrapolation" 2 8.81912790320522 7.35798893521803 10.2802668711924 0.989276713296731 0.975181009082701 1 "Bosque" 0.989276713296731 338 "Extrapolation" 2 8.81912790320522 7.37261753371542 10.265638272695
"117" "Bosque" 348 "Extrapolation" 2 8.82314366912795 7.360766818408 10.2855205198479 0.989907309408966 0.975965304677232 1 "Bosque" 0.989907309408966 348 "Extrapolation" 2 8.82314366912795 7.3751638923085 10.2711234459474
"118" "Bosque" 358 "Extrapolation" 2 8.82693844840851 7.36339130008303 10.290485596734 0.990500822538365 0.97672039667122 1 "Bosque" 0.990500822538365 358 "Extrapolation" 2 8.82693844840851 7.37756204815995 10.2763148486571
"119" "Bosque" 368 "Extrapolation" 2 8.83052999384422 7.36587474550647 10.295185242182 0.991059433395511 0.977446741027179 1 "Bosque" 0.991059433395511 368 "Extrapolation" 2 8.83052999384422 7.37982439995912 10.2812355877293
"120" "Bosque" 378 "Extrapolation" 2 8.83393420628046 7.36822822575578 10.2996401868052 0.99158519445161 0.978144939435424 1 "Bosque" 0.99158519445161 378 "Extrapolation" 2 8.83393420628046 7.38196201569889 10.285906396862
"121" "Chagra" 1 "Rarefaction" 0 1.1957671957672 1.06660273398002 1.32493165755437 0.257813971003579 0.206454145959133 0.309173796048025 "Chagra" 0.257816165916524 1 "Rarefaction" 0 1.19577739876012 1.02631930426094 1.3652354932593
"122" "Chagra" 11 "Rarefaction" 0 6.36088378693982 5.64438294864497 7.07738462523468 0.728602272120811 0.687782998074755 0.769421546166867 "Chagra" 0.728602205693449 11 "Rarefaction" 0 6.36088220298147 5.05703582278917 7.66472858317377
"123" "Chagra" 21 "Rarefaction" 0 9.02252523192136 7.98302101778806 10.0620294460547 0.822365829473667 0.791330317255925 0.85340134169141 "Chagra" 0.822365813970645 21 "Rarefaction" 0 9.02252467118336 7.28982246125914 10.7552268811076
"124" "Chagra" 32 "Rarefaction" 0 11.0358920145101 9.74420578995331 12.3275782390668 0.87082819615975 0.84649883225381 0.895157560065689 "Chagra" 0.870828176671056 32 "Rarefaction" 0 11.0358910565118 9.03416632155753 13.0376157914661
"125" "Chagra" 42 "Rarefaction" 0 12.428883768604 10.9612582176133 13.8965093195947 0.897047310757664 0.875938768438285 0.918155853077043 "Chagra" 0.897047271837746 42 "Rarefaction" 0 12.4288814861699 10.260828302725 14.5969346696149
"126" "Chagra" 52 "Rarefaction" 0 13.5561435288454 11.9425960240204 15.1696910336704 0.915253001458138 0.896353818622486 0.934152184293791 "Chagra" 0.915252974545496 52 "Rarefaction" 0 13.5561417329434 11.2636894402176 15.8485940256693
"127" "Chagra" 63 "Rarefaction" 0 14.5787978476622 12.8275071557534 16.330088539571 0.929825434677545 0.91285947192078 0.94679139743431 "Chagra" 0.929825437584232 63 "Rarefaction" 0 14.5787980630744 12.1824272018516 16.9751689242973
"128" "Chagra" 73 "Rarefaction" 0 15.3617697628393 13.5004233881276 17.2231161375509 0.939791167065649 0.924281018439841 0.955301315691457 "Chagra" 0.939791160474141 73 "Rarefaction" 0 15.3617692127964 12.8897461034853 17.8337923221075
"129" "Chagra" 84 "Rarefaction" 0 16.1007150972017 14.1314954423371 18.0699347520662 0.948259037314927 0.934064288460548 0.962453786169306 "Chagra" 0.948259049990075 84 "Rarefaction" 0 16.1007162573164 13.5556287606633 18.6458037539696
"130" "Chagra" 94 "Rarefaction" 0 16.685434024661 14.6281750742374 18.7426929750847 0.954337418941394 0.941100410577167 0.967574427305622 "Chagra" 0.954337422150091 94 "Rarefaction" 0 16.6854343452493 14.0755269189188 19.2953417715798
"131" "Chagra" 104 "Rarefaction" 0 17.2037929399625 15.066660133459 19.340925746466 0.959304117847626 0.946815162869367 0.971793072825884 "Chagra" 0.959304124772701 104 "Rarefaction" 0 17.2037936860412 14.5243179760393 19.8832693960432
"132" "Chagra" 115 "Rarefaction" 0 17.7111063546554 15.4942237621336 19.9279889471771 0.963831671120501 0.951938543502333 0.975724798738668 "Chagra" 0.963831665646901 115 "Rarefaction" 0 17.7111057178041 14.9399383113436 20.4822731242646
"133" "Chagra" 125 "Rarefaction" 0 18.1243199667669 15.8412299131466 20.4074100203872 0.967320245554642 0.95577264371858 0.978867847390705 "Chagra" 0.967320249805888 125 "Rarefaction" 0 18.1243204787446 15.2414552144263 21.007185743063
"134" "Chagra" 136 "Rarefaction" 0 18.5337847198641 16.1836062455116 20.8839631942166 0.970645478295156 0.959272383324705 0.982018573265608 "Chagra" 0.970645481298785 136 "Rarefaction" 0 18.5337850935385 15.4286136959254 21.6389564911515
"135" "Chagra" 146 "Rarefaction" 0 18.8701479158569 16.4631381219127 21.277157709801 0.973314033152704 0.961922821333487 0.984705244971921 "Chagra" 0.973314032561063 146 "Rarefaction" 0 18.8701478404642 15.4293824472388 22.3109132336895
"136" "Chagra" 156 "Rarefaction" 0 19.1760618487745 16.7151068502112 21.6370168473378 0.975723119227801 0.964157236342139 0.987289002113462 "Chagra" 0.9757231212623 156 "Rarefaction" 0 19.176062105586 15.3342659950277 23.0178582161443
"137" "Chagra" 167 "Rarefaction" 0 19.4806932897133 16.9623680969677 21.9990184824589 0.97814235389052 0.966219008346075 0.990065699434964 "Chagra" 0.97814235228742 167 "Rarefaction" 0 19.4806930890447 15.1810862276408 23.7802999504486
"138" "Chagra" 177 "Rarefaction" 0 19.7309535983668 17.1608816615275 22.3010255352061 0.980182673087267 0.967798109566347 0.992567236608187 "Chagra" 0.980182672128371 177 "Rarefaction" 0 19.7309534823962 14.9914766478399 24.4704303169524
"139" "Chagra" 188 "Rarefaction" 0 19.978835978836 17.3505288533678 22.6071431043041 0.982300884955752 0.96927274457342 0.995329025338084 "Chagra" 0.982300884955752 187 "Rarefaction" 0 19.9629380715014 14.7345647407682 25.1913114022345
"140" "Chagra" 189 "Observed" 0 20 17.3662617687951 22.6337382312049 0.982487191429902 0.969429183187601 0.995545199672203 "Chagra" 0.982487191429902 189 "Observed" 0 20 14.7282762544406 25.2717237455594
"141" "Chagra" 190 "Extrapolation" 0 20.0209412419939 17.3817270267117 22.6601554572761 0.982671536783272 0.969585505397488 0.995757568169055 "Chagra" 0.982671536783272 190 "Extrapolation" 0 20.0209412419939 14.7067331599582 25.3351493240296
"142" "Chagra" 199 "Extrapolation" 0 20.1997662623744 17.509059145682 22.8904733790667 0.984245730022764 0.970983175710799 0.997508284334729 "Chagra" 0.984245730022764 199 "Extrapolation" 0 20.1997662623744 14.5116903674157 25.887842157333
"143" "Chagra" 209 "Extrapolation" 0 20.3794731104903 17.6264543118951 23.1324919090854 0.985827685974971 0.972497354661991 0.999158017287952 "Chagra" 0.985827685974971 209 "Extrapolation" 0 20.3794731104903 14.2906941417454 26.4682520792351
"144" "Chagra" 219 "Extrapolation" 0 20.541134798885 17.720241757857 23.362027839913 0.987250790730751 0.973945488290096 1 "Chagra" 0.987250790730751 219 "Extrapolation" 0 20.541134798885 14.0810033165528 27.0012662812172
"145" "Chagra" 229 "Extrapolation" 0 20.6865633218859 17.7924323949331 23.5806942488386 0.988530995241564 0.975312486814859 1 "Chagra" 0.988530995241564 229 "Extrapolation" 0 20.6865633218859 13.8854700636051 27.4876565801667
"146" "Chagra" 239 "Extrapolation" 0 20.8173887234527 17.8450818669008 23.7896955800046 0.989682648753261 0.976592575543309 1 "Chagra" 0.989682648753261 239 "Extrapolation" 0 20.8173887234527 13.706323843454 27.9284536034514
"147" "Chagra" 249 "Extrapolation" 0 20.9350773676193 17.8801943819596 23.989960353279 0.990718659640428 0.977785723671417 1 "Chagra" 0.990718659640428 249 "Extrapolation" 0 20.9350773676193 13.5470334170942 28.3231213181444
"148" "Chagra" 259 "Extrapolation" 0 21.040948374319 17.8996707634189 24.1822259852191 0.991650640090649 0.97889501531039 1 "Chagra" 0.991650640090649 259 "Extrapolation" 0 21.040948374319 13.4050920109168 28.6768047377213
"149" "Chagra" 269 "Extrapolation" 0 21.1361884048163 17.9052820918012 24.3670947178314 0.992489036260374 0.979925047776209 1 "Chagra" 0.992489036260374 269 "Extrapolation" 0 21.1361884048163 13.2698658582374 29.0025109513952
"150" "Chagra" 279 "Extrapolation" 0 21.2218649624677 17.8986583905183 24.5450715344171 0.993243245361264 0.980881029453402 1 "Chagra" 0.993243245361264 279 "Extrapolation" 0 21.2218649624677 13.1458437093089 29.2978862156265
"151" "Chagra" 288 "Extrapolation" 0 21.2915928298998 17.8834677868662 24.6997178729333 0.993857058446716 0.981682510277404 1 "Chagra" 0.993857058446716 288 "Extrapolation" 0 21.2915928298998 13.0433681176885 29.539817542111
"152" "Chagra" 298 "Extrapolation" 0 21.3616645416513 17.8575774917906 24.865751591512 0.994473898387147 0.982512391714433 1 "Chagra" 0.994473898387147 298 "Extrapolation" 0 21.3616645416513 12.9391046327719 29.7842244505307
"153" "Chagra" 308 "Extrapolation" 0 21.4247000427978 17.8233830905956 25.0260169950001 0.995028798699988 0.983283246418136 1 "Chagra" 0.995028798699988 308 "Extrapolation" 0 21.4247000427978 12.8443691191583 30.0050309664373
"154" "Chagra" 318 "Extrapolation" 0 21.4814058703776 17.7819848047879 25.1808269359673 0.995527979017295 0.983999767971259 1 "Chagra" 0.995527979017295 318 "Extrapolation" 0 21.4814058703776 12.7585182654079 30.2042934753474
"155" "Chagra" 328 "Extrapolation" 0 21.5324176149187 17.73436634918 25.3304688806573 0.995977034430348 0.984666332168104 1 "Chagra" 0.995977034430348 328 "Extrapolation" 0 21.5324176149187 12.6809138765293 30.383921353308
"156" "Chagra" 338 "Extrapolation" 0 21.5783070444921 17.6814047079763 25.4752093810078 0.99638099820256 0.985286996673133 1 "Chagra" 0.99638099820256 338 "Extrapolation" 0 21.5783070444921 12.6107282112413 30.5458858777428
"157" "Chagra" 348 "Extrapolation" 0 21.619588513407 17.6238798451931 25.615297181621 0.99674439818509 0.98586551087543 1 "Chagra" 0.99674439818509 348 "Extrapolation" 0 21.619588513407 12.5471668116991 30.692010215115
"158" "Chagra" 358 "Extrapolation" 0 21.656724727381 17.5624840603375 25.7509653944244 0.997071307567534 0.986405330712934 1 "Chagra" 0.997071307567534 358 "Extrapolation" 0 21.656724727381 12.4896957047002 30.8237537500617
"159" "Chagra" 368 "Extrapolation" 0 21.6901319298029 17.4978308119112 25.8824330476945 0.997365390532497 0.98690963570089 1 "Chagra" 0.997365390532497 368 "Extrapolation" 0 21.6901319298029 12.4377657335347 30.942498126071
"160" "Chagra" 378 "Extrapolation" 0 21.7201845672215 17.4304629106706 26.0099062237724 0.997629943325795 0.9873813466994 1 "Chagra" 0.997629943325795 378 "Extrapolation" 0 21.7201845672215 12.3908691834532 31.0494999509898
"161" "Chagra" 1 "Rarefaction" 1 1.1957671957672 1.06660273398002 1.32493165755437 0.257813971003579 0.206454145959133 0.309173796048025 "Chagra" 0.257816165916524 1 "Rarefaction" 1 1.19577644363705 1.03405691219742 1.35749597507667
"162" "Chagra" 11 "Rarefaction" 1 4.8020596176934 4.1544503362057 5.4496688991811 0.728602272120811 0.687782998074755 0.769421546166867 "Chagra" 0.728602205693449 11 "Rarefaction" 1 4.80205884816061 3.91955704947094 5.68456064685028
"163" "Chagra" 21 "Rarefaction" 1 5.87308646951283 5.01202690028017 6.7341460387455 0.822365829473667 0.791330317255925 0.85340134169141 "Chagra" 0.822365813970645 21 "Rarefaction" 1 5.87308627647739 4.84340913764229 6.9027634153125
"164" "Chagra" 32 "Rarefaction" 1 6.48025151881625 5.49007293681322 7.47043010081928 0.87082819615975 0.84649883225381 0.895157560065689 "Chagra" 0.870828176671056 32 "Rarefaction" 1 6.48025126085663 5.37126916772678 7.58923335398648
"165" "Chagra" 42 "Rarefaction" 1 6.82326477901003 5.7583956523176 7.88813390570245 0.897047310757664 0.875938768438285 0.918155853077043 "Chagra" 0.897047271837746 42 "Rarefaction" 1 6.82326425703114 5.67386319074292 7.97266532331937
"166" "Chagra" 52 "Rarefaction" 1 7.06379077793671 5.94627265670523 8.18130889916819 0.915253001458138 0.896353818622486 0.934152184293791 "Chagra" 0.915252974545496 52 "Rarefaction" 1 7.06379041599576 5.88757309428306 8.24000773770846
"167" "Chagra" 63 "Rarefaction" 1 7.25786965723373 6.09799425359162 8.41774506087583 0.929825434677545 0.91285947192078 0.94679139743431 "Chagra" 0.929825437584232 63 "Rarefaction" 1 7.25786969575487 6.06058618338642 8.45515320812332
"168" "Chagra" 73 "Rarefaction" 1 7.3928509498952 6.20374737116383 8.58195452862657 0.939791167065649 0.924281018439841 0.955301315691457 "Chagra" 0.939791160474141 73 "Rarefaction" 1 7.39285085857906 6.18113530274151 8.60456641441661
"169" "Chagra" 84 "Rarefaction" 1 7.51040799716674 6.2961377384035 8.72467825592999 0.948259037314927 0.934064288460548 0.962453786169306 "Chagra" 0.948259049990075 84 "Rarefaction" 1 7.51040817401273 6.28627770075739 8.73453864726807
"170" "Chagra" 94 "Rarefaction" 1 7.5971020170496 6.36453827277605 8.82966576132315 0.954337418941394 0.941100410577167 0.967574427305622 "Chagra" 0.954337422150091 94 "Rarefaction" 1 7.59710206297441 6.36386370821771 8.8303404177311
"171" "Chagra" 104 "Rarefaction" 1 7.66953634882633 6.42193451314703 8.91713818450562 0.959304117847626 0.946815162869367 0.971793072825884 "Chagra" 0.959304124772701 104 "Rarefaction" 1 7.66953644993183 6.42862355887002 8.91044934099363
"172" "Chagra" 115 "Rarefaction" 1 7.73661954055679 6.47535904909282 8.99788003202077 0.963831671120501 0.951938543502333 0.975724798738668 "Chagra" 0.963831665646901 115 "Rarefaction" 1 7.73661945842037 6.48823679295506 8.98500212388567
"173" "Chagra" 125 "Rarefaction" 1 7.78864566090223 6.51702102383002 9.06027029797445 0.967320245554642 0.95577264371858 0.978867847390705 "Chagra" 0.967320249805888 125 "Rarefaction" 1 7.78864572385468 6.53351376709077 9.0437776806186
"174" "Chagra" 136 "Rarefaction" 1 7.83806155839966 6.5568246434733 9.11929847332602 0.970645478295156 0.959272383324705 0.982018573265608 "Chagra" 0.970645481298785 136 "Rarefaction" 1 7.83806160251082 6.57333485959083 9.10278834543082
"175" "Chagra" 146 "Rarefaction" 1 7.8772119563901 6.58855380459963 9.16587010818057 0.973314033152704 0.961922821333487 0.984705244971921 "Chagra" 0.973314032561063 146 "Rarefaction" 1 7.87721194773658 6.60195386228218 9.15247003319098
"176" "Chagra" 156 "Rarefaction" 1 7.91182748137541 6.61677717693129 9.20687778581952 0.975723119227801 0.964157236342139 0.987289002113462 "Chagra" 0.9757231212623 156 "Rarefaction" 1 7.91182751005047 6.62702978566336 9.19662523443758
"177" "Chagra" 167 "Rarefaction" 1 7.9455236729621 6.64442831608745 9.24661902983676 0.97814235389052 0.966219008346075 0.990065699434964 "Chagra" 0.97814235228742 167 "Rarefaction" 1 7.94552365095881 6.65291729693207 9.23813000498554
"178" "Chagra" 177 "Rarefaction" 1 7.97278717324172 6.66694671496278 9.27862763152066 0.980182673087267 0.967798109566347 0.992567236608187 "Chagra" 0.980182672128371 177 "Rarefaction" 1 7.97278716066191 6.67517865536465 9.27039566595917
"179" "Chagra" 188 "Rarefaction" 1 7.99962302851416 6.68925490833641 9.30999114869192 0.982300884955752 0.96927274457342 0.995329025338084 "Chagra" 0.982300884955752 187 "Rarefaction" 1 7.99790181831684 6.69602006048226 9.29978357615142
"180" "Chagra" 189 "Observed" 1 8.00191533190086 6.69116750476672 9.31266315903501 0.982487191429902 0.969429183187601 0.995545199672203 "Chagra" 0.982487191429902 189 "Observed" 1 8.00191533190086 6.6996466220195 9.30418404178223
"181" "Chagra" 190 "Extrapolation" 1 8.0041950739274 6.6930696843579 9.3153204634969 0.982671536783272 0.969585505397488 0.995757568169055 "Chagra" 0.982671536783272 190 "Extrapolation" 1 8.0041950739274 6.7013920919965 9.3069980558583
"182" "Chagra" 199 "Extrapolation" 1 8.02415872499792 6.70972974851817 9.33858770147767 0.984245730022764 0.970983175710799 0.997508284334729 "Chagra" 0.984245730022764 199 "Extrapolation" 1 8.02415872499792 6.71809841930813 9.33021903068771
"183" "Chagra" 209 "Extrapolation" 1 8.04521284678891 6.72730509151391 9.3631206020639 0.985827685974971 0.972497354661991 0.999158017287952 "Chagra" 0.985827685974971 209 "Extrapolation" 1 8.04521284678891 6.73714898814399 9.35327670543382
"184" "Chagra" 219 "Extrapolation" 1 8.06514128317699 6.74394561526574 9.38633695108823 0.987250790730751 0.973945488290096 1 "Chagra" 0.987250790730751 219 "Extrapolation" 1 8.06514128317699 6.75556765488868 9.37471491146529
"185" "Chagra" 229 "Extrapolation" 1 8.08400422036413 6.75970061330061 9.40830782742764 0.988530995241564 0.975312486814859 1 "Chagra" 0.988530995241564 229 "Extrapolation" 1 8.08400422036413 6.77340847770304 9.39459996302521
"186" "Chagra" 239 "Extrapolation" 1 8.10185862662045 6.77461675190454 9.42910050133635 0.989682648753261 0.976592575543309 1 "Chagra" 0.989682648753261 239 "Extrapolation" 1 8.10185862662045 6.79077471236744 9.41294254087346
"187" "Chagra" 249 "Extrapolation" 1 8.11875842433503 6.78873821960855 9.44877862906151 0.990718659640428 0.977785723671417 1 "Chagra" 0.990718659640428 249 "Extrapolation" 1 8.11875842433503 6.80785631974596 9.4296605289241
"188" "Chagra" 259 "Extrapolation" 1 8.13475465286786 6.80210686648689 9.46740243924883 0.991650640090649 0.97889501531039 1 "Chagra" 0.991650640090649 259 "Extrapolation" 1 8.13475465286786 6.82431346151824 9.44519584421748
"189" "Chagra" 269 "Extrapolation" 1 8.14989562269459 6.81476233420409 9.4850289111851 0.992489036260374 0.979925047776209 1 "Chagra" 0.992489036260374 269 "Extrapolation" 1 8.14989562269459 6.83944548621233 9.46034575917685
"190" "Chagra" 279 "Extrapolation" 1 8.16422706130986 6.82674217763324 9.50171194498649 0.993243245361264 0.980881029453402 1 "Chagra" 0.993243245361264 279 "Extrapolation" 1 8.16422706130986 6.85375763783787 9.47469648478186
"191" "Chagra" 288 "Extrapolation" 1 8.17646902834945 6.83697582549554 9.51596223120336 0.993857058446716 0.981682510277404 1 "Chagra" 0.993857058446716 288 "Extrapolation" 1 8.17646902834945 6.86594162192321 9.48699643477569
"192" "Chagra" 298 "Extrapolation" 1 8.18937968602937 6.84776846680348 9.53099090525525 0.994473898387147 0.982512391714433 1 "Chagra" 0.994473898387147 298 "Extrapolation" 1 8.18937968602937 6.87871845091145 9.50004092114728
"193" "Chagra" 308 "Extrapolation" 1 8.20160005897376 6.85798361377923 9.54521650416829 0.995028798699988 0.983283246418136 1 "Chagra" 0.995028798699988 308 "Extrapolation" 1 8.20160005897376 6.89070861417774 9.51249150376978
"194" "Chagra" 318 "Extrapolation" 1 8.21316705413407 6.86765170846611 9.55868239980203 0.995527979017295 0.983999767971259 1 "Chagra" 0.995527979017295 318 "Extrapolation" 1 8.21316705413407 6.90187712305571 9.52445698521242
"195" "Chagra" 328 "Extrapolation" 1 8.22411560518464 6.87680160179414 9.57142960857514 0.995977034430348 0.984666332168104 1 "Chagra" 0.995977034430348 328 "Extrapolation" 1 8.22411560518464 6.91236991659875 9.53586129377052
"196" "Chagra" 338 "Extrapolation" 1 8.23447877802646 6.88546063778091 9.58349691827202 0.99638099820256 0.985286996673133 1 "Chagra" 0.99638099820256 338 "Extrapolation" 1 8.23447877802646 6.92207932561318 9.54687823043975
"197" "Chagra" 348 "Extrapolation" 1 8.2442878706501 6.89365473293431 9.59492100836588 0.99674439818509 0.98586551087543 1 "Chagra" 0.99674439818509 348 "Extrapolation" 1 8.2442878706501 6.93126240772186 9.55731333357834
"198" "Chagra" 358 "Extrapolation" 1 8.25357250765921 6.90140845119053 9.60573656412788 0.997071307567534 0.986405330712934 1 "Chagra" 0.997071307567534 358 "Extrapolation" 1 8.25357250765921 6.93987467663649 9.56727033868192
"199" "Chagra" 368 "Extrapolation" 1 8.26236072974034 6.90874507468917 9.61597638479152 0.997365390532497 0.98690963570089 1 "Chagra" 0.997365390532497 368 "Extrapolation" 1 8.26236072974034 6.94794677505645 9.57677468442423
"200" "Chagra" 378 "Extrapolation" 1 8.27067907834908 6.9156866706599 9.62567148603825 0.997629943325795 0.9873813466994 1 "Chagra" 0.997629943325795 378 "Extrapolation" 1 8.27067907834908 6.95550842917071 9.58584972752744
"201" "Chagra" 1 "Rarefaction" 2 1.1957671957672 1.06660273398002 1.32493165755437 0.257813971003579 0.206454145959133 0.309173796048025 "Chagra" 0.257816165916524 1 "Rarefaction" 2 1.19577530745395 1.04297239835884 1.34857821654905
"202" "Chagra" 11 "Rarefaction" 2 3.67605521845531 3.11892448995148 4.23318594695914 0.728602272120811 0.687782998074755 0.769421546166867 "Chagra" 0.728602205693449 11 "Rarefaction" 2 3.6760548731639 3.04633920118267 4.30577054514512
"203" "Chagra" 21 "Rarefaction" 2 4.07894271810347 3.3901941046744 4.76769133153255 0.822365829473667 0.791330317255925 0.85340134169141 "Chagra" 0.822365813970645 21 "Rarefaction" 2 4.0789426557954 3.36657429910617 4.79131101248463
"204" "Chagra" 32 "Rarefaction" 2 4.25528896262963 3.502633414546 5.00794451071325 0.87082819615975 0.84649883225381 0.895157560065689 "Chagra" 0.870828176671056 32 "Rarefaction" 2 4.25528889429336 3.49477200286433 5.01580578572238
"205" "Chagra" 42 "Rarefaction" 2 4.34058807282677 3.55562394651867 5.12555219913487 0.897047310757664 0.875938768438285 0.918155853077043 "Chagra" 0.897047271837746 42 "Rarefaction" 2 4.34058794972808 3.55451842948116 5.12665746997501
"206" "Chagra" 52 "Rarefaction" 2 4.39480080233177 3.58882567750396 5.20077592715959 0.915253001458138 0.896353818622486 0.934152184293791 "Chagra" 0.915252974545496 52 "Rarefaction" 2 4.39480072376079 3.59164828282937 5.19795316469221
"207" "Chagra" 63 "Rarefaction" 2 4.4354254314733 3.61346152254224 5.25738934040436 0.929825434677545 0.91285947192078 0.94679139743431 "Chagra" 0.929825437584232 63 "Rarefaction" 2 4.43542543925289 3.61894016959747 5.25191070890832
"208" "Chagra" 73 "Rarefaction" 2 4.46213585667078 3.62954513028101 5.29472658306056 0.939791167065649 0.924281018439841 0.955301315691457 "Chagra" 0.939791160474141 73 "Rarefaction" 2 4.46213583897743 3.63659959884404 5.28767207911082
"209" "Chagra" 84 "Rarefaction" 2 4.48441534939156 3.64289113686609 5.32593956191703 0.948259037314927 0.934064288460548 0.962453786169306 "Chagra" 0.948259049990075 84 "Rarefaction" 2 4.48441538218362 3.65114669757509 5.31768406679216
"210" "Chagra" 94 "Rarefaction" 2 4.50027904155934 3.65235529696218 5.34820278615649 0.954337418941394 0.941100410577167 0.967574427305622 "Chagra" 0.954337422150091 94 "Rarefaction" 2 4.50027904982676 3.66138352819557 5.33917457145795
"211" "Chagra" 104 "Rarefaction" 2 4.51317419417531 3.66002475129876 5.36632363705185 0.959304117847626 0.946815162869367 0.971793072825884 "Chagra" 0.959304124772701 104 "Rarefaction" 2 4.51317421192973 3.66958850446869 5.35675991939078
"212" "Chagra" 115 "Rarefaction" 2 4.52483187575861 3.66693990356175 5.38272384795546 0.963831671120501 0.951938543502333 0.975724798738668 "Chagra" 0.963831665646901 115 "Rarefaction" 2 4.52483186163596 3.67682516836073 5.37283855491118
"213" "Chagra" 125 "Rarefaction" 2 4.53368940301969 3.67218241359919 5.3951963924402 0.967320245554642 0.95577264371858 0.978867847390705 "Chagra" 0.967320249805888 125 "Rarefaction" 2 4.53368941363402 3.68205927226667 5.38531955500136
"214" "Chagra" 136 "Rarefaction" 2 4.54195939168969 3.67706810024663 5.40685068313275 0.970645478295156 0.959272383324705 0.982018573265608 "Chagra" 0.970645481298785 136 "Rarefaction" 2 4.54195939900665 3.68642993435176 5.39748886366154
"215" "Chagra" 146 "Rarefaction" 2 4.54841709228653 3.68087703745512 5.41595714711794 0.973314033152704 0.961922821333487 0.984705244971921 "Chagra" 0.973314032561063 146 "Rarefaction" 2 4.54841709086717 3.6894440711932 5.40739011054114
"216" "Chagra" 156 "Rarefaction" 2 4.55406188367333 3.68420211443889 5.42392165290777 0.975723119227801 0.964157236342139 0.987289002113462 "Chagra" 0.9757231212623 156 "Rarefaction" 2 4.55406188832346 3.69200959131628 5.41611418533064
"217" "Chagra" 167 "Rarefaction" 2 4.55950357927308 3.68740368488194 5.43160347366422 0.97814235389052 0.966219008346075 0.990065699434964 "Chagra" 0.97814235228742 167 "Rarefaction" 2 4.5595035757341 3.69474240096504 5.42426475050316
"218" "Chagra" 177 "Rarefaction" 2 4.56387303675354 3.6899716611477 5.43777441235938 0.980182673087267 0.967798109566347 0.992567236608187 "Chagra" 0.980182672128371 177 "Rarefaction" 2 4.56387303474289 3.69693382514974 5.43081224433604
"219" "Chagra" 188 "Rarefaction" 2 4.56815065163105 3.69248328428192 5.44381801898019 0.982300884955752 0.96927274457342 0.995329025338084 "Chagra" 0.982300884955752 187 "Rarefaction" 2 4.5678768358228 3.69888253673229 5.43687113491332
"220" "Chagra" 189 "Observed" 2 4.56851520572451 3.69269722530831 5.4443331861407 0.982487191429902 0.969429183187601 0.995545199672203 "Chagra" 0.982487191429902 189 "Observed" 2 4.56851520572451 3.69931353962663 5.43771687182238
"221" "Chagra" 190 "Extrapolation" 2 4.56887597968082 3.69290893111813 5.44484302824351 0.982671536783272 0.969585505397488 0.995757568169055 "Chagra" 0.982671536783272 190 "Extrapolation" 2 4.56887597968082 3.69942880892352 5.43832315043812
"222" "Chagra" 199 "Extrapolation" 2 4.57196210788628 3.69471921866121 5.44920499711136 0.984245730022764 0.970983175710799 0.997508284334729 "Chagra" 0.984245730022764 199 "Extrapolation" 2 4.57196210788628 3.70059823096237 5.44332598481019
"223" "Chagra" 209 "Extrapolation" 2 4.57508364453541 3.69654903067766 5.45361825839317 0.985827685974971 0.972497354661991 0.999158017287952 "Chagra" 0.985827685974971 209 "Extrapolation" 2 4.57508364453541 3.70238593252308 5.44778135654774
"224" "Chagra" 219 "Extrapolation" 2 4.57792380800865 3.69821281589651 5.45763480012079 0.987250790730751 0.973945488290096 1 "Chagra" 0.987250790730751 219 "Extrapolation" 2 4.57792380800865 3.70406398295152 5.45178363306578
"225" "Chagra" 229 "Extrapolation" 2 4.58051900179144 3.69973218909683 5.46130581448605 0.988530995241564 0.975312486814859 1 "Chagra" 0.988530995241564 229 "Extrapolation" 2 4.58051900179144 3.7056050886079 5.45543291497498
"226" "Chagra" 239 "Extrapolation" 2 4.58289960924833 3.70112516927493 5.46467404922174 0.989682648753261 0.976592575543309 1 "Chagra" 0.989682648753261 239 "Extrapolation" 2 4.58289960924833 3.70701093401641 5.45878828448026
"227" "Chagra" 249 "Extrapolation" 2 4.58509118866629 3.7024068974913 5.46777547984128 0.990718659640428 0.977785723671417 1 "Chagra" 0.990718659640428 249 "Extrapolation" 2 4.58509118866629 3.70830235462972 5.46188002270286
"228" "Chagra" 259 "Extrapolation" 2 4.58711539449734 3.70359018935683 5.47064059963785 0.991650640090649 0.97889501531039 1 "Chagra" 0.991650640090649 259 "Extrapolation" 2 4.58711539449734 3.70945920068188 5.4647715883128
"229" "Chagra" 269 "Extrapolation" 2 4.58899069529526 3.70468596495423 5.47329542563629 0.992489036260374 0.979925047776209 1 "Chagra" 0.992489036260374 269 "Extrapolation" 2 4.58899069529526 3.71049276487212 5.4674886257184
"230" "Chagra" 279 "Extrapolation" 2 4.59073293883411 3.70570358678446 5.47576229088376 0.993243245361264 0.980881029453402 1 "Chagra" 0.993243245361264 279 "Extrapolation" 2 4.59073293883411 3.71144489690226 5.47002098076597
"231" "Chagra" 288 "Extrapolation" 2 4.59219853608932 3.70655932039446 5.47783775178418 0.993857058446716 0.981682510277404 1 "Chagra" 0.993857058446716 288 "Extrapolation" 2 4.59219853608932 3.71223570887547 5.47216136330317
"232" "Chagra" 298 "Extrapolation" 2 4.5937241440839 3.70744979923096 5.47999848893684 0.994473898387147 0.982512391714433 1 "Chagra" 0.994473898387147 298 "Extrapolation" 2 4.5937241440839 3.71304190647628 5.47440638169152
"233" "Chagra" 308 "Extrapolation" 2 4.59515160397944 3.70828271872092 5.48202048923795 0.995028798699988 0.983283246418136 1 "Chagra" 0.995028798699988 308 "Extrapolation" 2 4.59515160397944 3.71376970898177 5.4765334989771
"234" "Chagra" 318 "Extrapolation" 2 4.59649009196109 3.70906348483765 5.48391669908454 0.995527979017295 0.983999767971259 1 "Chagra" 0.995527979017295 318 "Extrapolation" 2 4.59649009196109 3.71439165043033 5.47858853349186
"235" "Chagra" 328 "Extrapolation" 2 4.59774767490319 3.70979684714892 5.48569850265746 0.995977034430348 0.984666332168104 1 "Chagra" 0.995977034430348 328 "Extrapolation" 2 4.59774767490319 3.71494798195751 5.48054736784887
"236" "Chagra" 338 "Extrapolation" 2 4.59893147308258 3.71048699550742 5.48737595065774 0.99638099820256 0.985286996673133 1 "Chagra" 0.99638099820256 338 "Extrapolation" 2 4.59893147308258 3.71545710998132 5.48240583618384
"237" "Chagra" 348 "Extrapolation" 2 4.6000477950682 3.71113764013931 5.48895794999709 0.99674439818509 0.98586551087543 1 "Chagra" 0.99674439818509 348 "Extrapolation" 2 4.6000477950682 3.71596565268032 5.48412993745608
"238" "Chagra" 358 "Extrapolation" 2 4.60110225018375 3.711752078364 5.4904524220035 0.997071307567534 0.986405330712934 1 "Chagra" 0.997071307567534 358 "Extrapolation" 2 4.60110225018375 3.71645745375283 5.48574704661467
"239" "Chagra" 368 "Extrapolation" 2 4.60209984277639 3.71233325047809 5.4918664350747 0.997365390532497 0.98690963570089 1 "Chagra" 0.997365390532497 368 "Extrapolation" 2 4.60209984277639 3.71693249928768 5.48726718626511
"240" "Chagra" 378 "Extrapolation" 2 4.6030450516353 3.71288378680255 5.49320631646805 0.997629943325795 0.9873813466994 1 "Chagra" 0.997629943325795 378 "Extrapolation" 2 4.6030450516353 3.71739097199493 5.48869913127567
"241" "Urbano" 1 "Rarefaction" 0 0.883597883597883 0.742646872438397 1.02454889475737 0.109695502611854 0.0840658668498796 0.135325138373828 "Urbano" 0.109696474005084 1 "Rarefaction" 0 0.883605475565151 0.766496844221679 1.00071410690862
"242" "Urbano" 11 "Rarefaction" 0 6.16324341483782 5.44072094390855 6.88576588576709 0.630377002931107 0.569754713114082 0.690999292748132 "Urbano" 0.630376794612832 11 "Rarefaction" 0 6.16324052736248 5.28914039188592 7.03734066283903
"243" "Urbano" 21 "Rarefaction" 0 8.68575259006682 7.72624713206474 9.64525804806891 0.790009452626535 0.743470412918352 0.836548492334719 "Urbano" 0.79000955645646 21 "Rarefaction" 0 8.68575454963211 7.42269478171095 9.94881431755327
"244" "Urbano" 32 "Rarefaction" 0 10.3564907638293 9.17134966154942 11.5416318661092 0.863146511217697 0.826217885724941 0.900075136710454 "Urbano" 0.863146517274633 32 "Rarefaction" 0 10.3564909309944 8.69288663912288 12.0200952228659
"245" "Urbano" 42 "Rarefaction" 0 11.4218084012449 10.0358806041082 12.8077361983817 0.895757129857389 0.863189459164624 0.928324800550153 "Urbano" 0.895757053531824 42 "Rarefaction" 0 11.4218054055397 9.35905426661576 13.4845565444636
"246" "Urbano" 52 "Rarefaction" 0 12.2612704207062 10.6766212694867 13.8459195719258 0.914602631394597 0.884491784155312 0.944713478633881 "Urbano" 0.914602647275422 52 "Rarefaction" 0 12.261271233077 9.7902243784338 14.7323180877203
"247" "Urbano" 63 "Rarefaction" 0 13.0289558477784 11.2283774493743 14.8295342461824 0.927696759136632 0.899419513386805 0.955974004886458 "Urbano" 0.927696750952151 63 "Rarefaction" 0 13.0289552969194 10.12096272728 15.9369478665587
"248" "Urbano" 73 "Rarefaction" 0 13.6332723811443 11.6396250907911 15.6269196714975 0.935915809911771 0.908925512996962 0.96290610682658 "Urbano" 0.935915802337263 73 "Rarefaction" 0 13.6332717648407 10.3239191119886 16.9426244176928
"249" "Urbano" 84 "Rarefaction" 0 14.2249624231699 12.023187275982 16.4267375703578 0.942630072347201 0.916769819625671 0.968490325068731 "Urbano" 0.942630069784077 84 "Rarefaction" 0 14.224962176214 10.3999717208153 18.0499526316128
"250" "Urbano" 94 "Rarefaction" 0 14.7121712924261 12.3252259874202 17.0991165974321 0.947402721740247 0.92234924055113 0.972456202929363 "Urbano" 0.947402716884633 94 "Rarefaction" 0 14.7121707633938 10.1075435112252 19.3167980155625
"251" "Urbano" 104 "Rarefaction" 0 15.1607757616502 12.592325537868 17.7292259854323 0.95133596293302 0.926901903119106 0.975770022746934 "Urbano" 0.951335963653711 104 "Rarefaction" 0 15.1607758475739 9.88471063478823 20.4368410603595
"252" "Urbano" 115 "Rarefaction" 0 15.6171505755276 12.8528083687505 18.3814927823046 0.95499025150336 0.931044767725291 0.978935735281429 "Urbano" 0.954990256174766 115 "Rarefaction" 0 15.6171511810553 9.61636691106672 21.6179354510439
"253" "Urbano" 125 "Rarefaction" 0 16.003144134867 13.063585323436 18.942702946298 0.957869329746479 0.934213639597479 0.98152501989548 "Urbano" 0.957869326017556 125 "Rarefaction" 0 16.0031436184522 9.39487287224436 22.61141436466
"254" "Urbano" 136 "Rarefaction" 0 16.4000043100973 13.2701627051221 19.5298459150725 0.960665525633527 0.937181383228184 0.98414966803887 "Urbano" 0.960665519399 136 "Rarefaction" 0 16.4000033977446 9.17257374690493 23.6274330485843
"255" "Urbano" 146 "Rarefaction" 0 16.738378369773 13.4371507329426 20.0396060066034 0.962930824838457 0.939486961941198 0.986374687735716 "Urbano" 0.962930828584002 146 "Rarefaction" 0 16.7383789414367 8.95180154890579 24.5249563339676
"256" "Urbano" 156 "Rarefaction" 0 17.057671406819 13.5859819421745 20.5293608714636 0.964965020360854 0.941466369332425 0.988463671389283 "Urbano" 0.964965023304433 156 "Rarefaction" 0 17.0576718802067 8.74851238966126 25.3668313707521
"257" "Urbano" 167 "Rarefaction" 0 17.38920214013 13.7304055474465 21.0479987328136 0.966954753846828 0.943300316638999 0.990609191054656 "Urbano" 0.966954757293205 167 "Rarefaction" 0 17.3892027341227 8.54365587916915 26.2347495890763
"258" "Urbano" 177 "Rarefaction" 0 17.6747124223244 13.845608360268 21.5038164843808 0.968546002886025 0.944673072480283 0.992418933291767 "Urbano" 0.968546002213921 177 "Rarefaction" 0 17.6747122962518 8.38810813321502 26.9613164592886
"259" "Urbano" 188 "Rarefaction" 0 17.973544973545 13.9562631890066 21.9908267580833 0.970059880239521 0.945869982810837 0.994249777668205 "Urbano" 0.970059880239521 188 "Rarefaction" 0 17.9686923501435 8.25259468698817 27.6847900132989
"260" "Urbano" 189 "Observed" 0 18 13.9655471494746 22.0344528505254 0.97018674515376 0.945986308949604 0.994387181357917 "Urbano" 0.97018674515376 189 "Observed" 0 18 8.24751372959115 27.7524862704089
"261" "Urbano" 190 "Extrapolation" 0 18.0263429288853 13.9747191206516 22.077966737119 0.970313072504804 0.94610227280942 0.994523872200187 "Urbano" 0.970313072504804 190 "Extrapolation" 0 18.0263429288853 8.23756371312885 27.8151221446418
"262" "Urbano" 199 "Extrapolation" 0 18.2584626112592 14.0522894186365 22.4646358038819 0.971426200992794 0.94713197466686 0.995720427318727 "Urbano" 0.971426200992794 199 "Extrapolation" 0 18.2584626112592 8.14676513771032 28.3701600848081
"263" "Urbano" 209 "Extrapolation" 0 18.5061799015412 14.1282143941716 22.8841454089109 0.972614127712151 0.948252974769762 0.996975280654539 "Urbano" 0.972614127712151 209 "Extrapolation" 0 18.5061799015412 8.04655650439465 28.9658032986878
"264" "Urbano" 219 "Extrapolation" 0 18.7435985966697 14.1937216338917 23.2934755594478 0.97375266758273 0.94935546601413 0.998149869151331 "Urbano" 0.97375266758273 219 "Extrapolation" 0 18.7435985966697 7.94589550460467 29.5413016887348
"265" "Urbano" 229 "Extrapolation" 0 18.9711468502953 14.2492312643194 23.6930624362711 0.974843873812691 0.950442167401874 0.999245580223509 "Urbano" 0.974843873812691 229 "Extrapolation" 0 18.9711468502953 7.84663876373825 30.0956549368523
"266" "Urbano" 239 "Extrapolation" 0 19.1892350160145 14.2951801624434 24.0832898695856 0.975889714250145 0.951513969936439 1 "Urbano" 0.975889714250145 239 "Extrapolation" 0 19.1892350160145 7.74868954745183 30.6297804845772
"267" "Urbano" 249 "Extrapolation" 0 19.3982563873895 14.3320161491079 24.4644966256711 0.976892074931914 0.952570831803674 1 "Urbano" 0.976892074931914 249 "Extrapolation" 0 19.3982563873895 7.65263999059333 31.1438727841857
"268" "Urbano" 259 "Extrapolation" 0 19.5985879072011 14.3601920366922 24.83698377771 0.977852763484751 0.953612270805897 1 "Urbano" 0.977852763484751 259 "Extrapolation" 0 19.5985879072011 7.55842660797643 31.6387492064258
"269" "Urbano" 269 "Extrapolation" 0 19.7905908472165 14.3801603023439 25.2010213920891 0.978773512385159 0.954637631460658 1 "Urbano" 0.978773512385159 269 "Extrapolation" 0 19.7905908472165 7.46747680223114 32.1137048922019
"270" "Urbano" 279 "Extrapolation" 0 19.9746114596953 14.3923686410837 25.556854278307 0.97965598208369 0.955646226805304 1 "Urbano" 0.97965598208369 279 "Extrapolation" 0 19.9746114596954 7.37847826201212 32.5707446573786
"271" "Urbano" 288 "Extrapolation" 0 20.1336796885549 14.3970847601562 25.8702746169536 0.980418792782321 0.956539093002695 1 "Urbano" 0.980418792782321 288 "Extrapolation" 0 20.1336796885549 7.30136293273311 32.9659964443767
"272" "Urbano" 298 "Extrapolation" 0 20.3034367303536 14.3957505792265 26.2111228814806 0.981232861616685 0.957514117238945 1 "Urbano" 0.981232861616685 298 "Extrapolation" 0 20.3034367303536 7.21836686614273 33.3885065945644
"273" "Urbano" 308 "Extrapolation" 0 20.4661362952763 14.3878984354451 26.5443741551076 0.982013086364742 0.958470723960963 1 "Urbano" 0.982013086364742 308 "Extrapolation" 0 20.4661362952763 7.1385707099109 33.7937018806417
"274" "Urbano" 318 "Extrapolation" 0 20.6220717907678 14.373930468347 26.8702131131886 0.98276087406006 0.959408516915813 1 "Urbano" 0.98276087406006 318 "Extrapolation" 0 20.6220717907678 7.06146901932999 34.1826745622056
"275" "Urbano" 328 "Extrapolation" 0 20.7715244261557 14.3542333606523 27.1888154916591 0.983477573240216 0.960327190918714 1 "Urbano" 0.983477573240216 328 "Extrapolation" 0 20.7715244261557 6.98659819627196 34.5564506560395
"276" "Urbano" 338 "Extrapolation" 0 20.9147637197752 14.3291777086662 27.5003497308841 0.984164476378704 0.961226526769316 1 "Urbano" 0.984164476378704 338 "Extrapolation" 0 20.9147637197752 6.91543879236806 34.9140886471823
"277" "Urbano" 348 "Extrapolation" 0 21.0520479850097 14.2991177050047 27.8049782650147 0.984822822215742 0.962106384795892 1 "Urbano" 0.984822822215742 348 "Extrapolation" 0 21.0520479850097 6.84655820213117 35.2575377678883
"278" "Urbano" 358 "Extrapolation" 0 21.183624796126 14.2643910677482 28.1028585245037 0.985453797992179 0.962966697907273 1 "Urbano" 0.985453797992179 358 "Extrapolation" 0 21.183624796126 6.78047998998115 35.5867696022708
"279" "Urbano" 368 "Extrapolation" 0 21.3097314347414 14.2253191617958 28.394143707687 0.986058541590533 0.963807464615822 1 "Urbano" 0.986058541590533 368 "Extrapolation" 0 21.3097314347414 6.71725754162748 35.9022053278553
"280" "Urbano" 378 "Extrapolation" 0 21.4305953177309 14.1822072680594 28.6789833674025 0.986638143587007 0.964628742270643 1 "Urbano" 0.986638143587007 378 "Extrapolation" 0 21.4305953177309 6.65698640530021 36.2042042301616
"281" "Urbano" 1 "Rarefaction" 1 0.883597883597884 0.742646872438397 1.02454889475737 0.109695502611854 0.0840658668498796 0.135325138373828 "Urbano" 0.109696474005084 1 "Rarefaction" 1 0.883605162292999 0.766603662833019 1.00060666175298
"282" "Urbano" 11 "Rarefaction" 1 5.38014804913504 4.74984415655851 6.01045194171158 0.630377002931107 0.569754713114082 0.690999292748132 "Urbano" 0.630376794612832 11 "Rarefaction" 1 5.38014592544636 4.62490921453106 6.13538263636165
"283" "Urbano" 21 "Rarefaction" 1 7.0636330254199 6.24662102402342 7.88064502681637 0.790009452626535 0.743470412918352 0.836548492334719 "Urbano" 0.79000955645646 21 "Rarefaction" 1 7.06363420519099 6.08965470844483 8.03761370193714
"284" "Urbano" 32 "Rarefaction" 1 8.00548303552788 7.05712200962256 8.9538440614332 0.863146511217697 0.826217885724941 0.900075136710454 "Urbano" 0.863146517274633 32 "Rarefaction" 1 8.00548312163863 6.87080054030008 9.14016570297719
"285" "Urbano" 42 "Rarefaction" 1 8.52409249638617 7.49123835908791 9.55694663368444 0.895757129857389 0.863189459164624 0.928324800550153 "Urbano" 0.895757053531824 42 "Rarefaction" 1 8.52409112791741 7.27253136443226 9.77565089140256
"286" "Urbano" 52 "Rarefaction" 1 8.88212234696762 7.78483723338147 9.97940746055376 0.914602631394597 0.884491784155312 0.944713478633881 "Urbano" 0.914602647275422 52 "Rarefaction" 1 8.88212266903879 7.5392681145044 10.2249772235732
"287" "Urbano" 63 "Rarefaction" 1 9.16914386221264 8.01611405141711 10.3221736730082 0.927696759136632 0.899419513386805 0.955974004886458 "Urbano" 0.927696750952151 63 "Rarefaction" 1 9.16914366874452 7.74868425362398 10.5896030838651
"288" "Urbano" 73 "Rarefaction" 1 9.36885994049286 8.17466084807541 10.5630590329103 0.935915809911771 0.908925512996962 0.96290610682658 "Urbano" 0.935915802337263 73 "Rarefaction" 1 9.36885974701194 7.89062871990707 10.8470907741168
"289" "Urbano" 84 "Rarefaction" 1 9.54364548286006 8.31167207079536 10.7756188949248 0.942630072347201 0.916769819625671 0.968490325068731 "Urbano" 0.942630069784077 84 "Rarefaction" 1 9.54364541359938 8.00934444240077 11.077946384798
"290" "Urbano" 94 "Rarefaction" 1 9.67349561779414 8.41233387832163 10.9346573572666 0.947402721740247 0.92234924055113 0.972456202929363 "Urbano" 0.947402716884633 94 "Rarefaction" 1 9.67349548263671 8.07793463411149 11.2690563311619
"291" "Urbano" 104 "Rarefaction" 1 9.78288799073649 8.49634901105273 11.0694269704203 0.95133596293302 0.926901903119106 0.975770022746934 "Urbano" 0.951335963653711 104 "Rarefaction" 1 9.78288801073637 8.14886785575213 11.4169081657206
"292" "Urbano" 115 "Rarefaction" 1 9.8851496868271 8.57420144818794 11.1960979254663 0.95499025150336 0.931044767725291 0.978935735281429 "Urbano" 0.954990256174766 115 "Rarefaction" 1 9.88514981642159 8.21109745649221 11.559202176351
"293" "Urbano" 125 "Rarefaction" 1 9.96523405016409 8.63468119775105 11.2957869025771 0.957869329746479 0.934213639597479 0.98152501989548 "Urbano" 0.957869326017556 125 "Rarefaction" 1 9.96523394633463 8.26097690163469 11.6694909910346
"294" "Urbano" 136 "Rarefaction" 1 10.0420554864256 8.69226711031257 11.3918438625387 0.960665525633527 0.937181383228184 0.98414966803887 "Urbano" 0.960665519399 136 "Rarefaction" 1 10.0420553153201 8.30915254711731 11.7749580835229
"295" "Urbano" 146 "Rarefaction" 1 10.1035346827744 8.73802777928613 11.4690415862626 0.962930824838457 0.939486961941198 0.986374687735716 "Urbano" 0.962930828584002 146 "Rarefaction" 1 10.10353478342 8.34668036759151 11.8603891992485
"296" "Urbano" 156 "Rarefaction" 1 10.1584275727221 8.77862292511354 11.5382322203307 0.964965020360854 0.941466369332425 0.988463671389283 "Urbano" 0.964965023304433 156 "Rarefaction" 1 10.1584276517657 8.38417616171701 11.9326791418143
"297" "Urbano" 167 "Rarefaction" 1 10.2124345405679 8.81830009944465 11.6065689816912 0.966954753846828 0.943300316638999 0.990609191054656 "Urbano" 0.966954757293205 167 "Rarefaction" 1 10.2124346344793 8.42181077700908 12.0030584919496
"298" "Urbano" 177 "Rarefaction" 1 10.2566276892697 8.850556545867 11.6626988326724 0.968546002886025 0.944673072480283 0.992418933291767 "Urbano" 0.968546002213921 177 "Rarefaction" 1 10.256627670172 8.45421659237381 12.0590387479702
"299" "Urbano" 188 "Rarefaction" 1 10.3006608331048 8.88249083743951 11.7188308287701 0.970059880239521 0.945869982810837 0.994249777668205 "Urbano" 0.970059880239521 188 "Rarefaction" 1 10.2999624288376 8.48727584854302 12.1126490091321
"300" "Urbano" 189 "Observed" 1 10.3044507031996 8.88522924507356 11.7236721613256 0.97018674515376 0.945986308949604 0.994387181357917 "Urbano" 0.97018674515376 189 "Observed" 1 10.3044507031996 8.49093379443097 12.1179676119682
"301" "Urbano" 190 "Extrapolation" 1 10.3082228547899 8.88795336593286 11.728492343647 0.970313072504804 0.94610227280942 0.994523872200187 "Urbano" 0.970313072504804 190 "Extrapolation" 1 10.3082228547899 8.49388597725677 12.1225597323231
"302" "Urbano" 199 "Extrapolation" 1 10.341388427711 8.91183918185771 11.7709376735642 0.971426200992794 0.94713197466686 0.995720427318727 "Urbano" 0.971426200992794 199 "Extrapolation" 1 10.341388427711 8.51993656171588 12.1628402937061
"303" "Urbano" 209 "Extrapolation" 1 10.3766351122457 8.93708973318953 11.8161804913019 0.972614127712151 0.948252974769762 0.996975280654539 "Urbano" 0.972614127712151 209 "Extrapolation" 1 10.3766351122457 8.54837955871277 12.2048906657787
"304" "Urbano" 219 "Extrapolation" 1 10.4102681740308 8.96104696165031 11.8594893864113 0.97375266758273 0.94935546601413 0.998149869151331 "Urbano" 0.97375266758273 219 "Extrapolation" 1 10.4102681740308 8.57590725239278 12.2446290956689
"305" "Urbano" 229 "Extrapolation" 1 10.4423614860677 8.98377362399204 11.9009493481434 0.974843873812691 0.950442167401874 0.999245580223509 "Urbano" 0.974843873812691 229 "Extrapolation" 1 10.4423614860677 8.6026456010647 12.2820773710707
"306" "Urbano" 239 "Extrapolation" 1 10.47298553939 9.00532938301045 11.9406416957695 0.975889714250145 0.951513969936439 1 "Urbano" 0.975889714250145 239 "Extrapolation" 1 10.47298553939 8.62861871295465 12.3173523658253
"307" "Urbano" 249 "Extrapolation" 1 10.5022075978926 9.02577099746101 11.9786441983242 0.976892074931914 0.952570831803674 1 "Urbano" 0.976892074931914 249 "Extrapolation" 1 10.5022075978926 8.65384048440756 12.3505747113776
"308" "Urbano" 259 "Extrapolation" 1 10.5300918460731 9.04515249322936 12.0150311989167 0.977852763484751 0.953612270805897 1 "Urbano" 0.977852763484751 259 "Extrapolation" 1 10.5300918460731 8.67840934997862 12.3817743421675
"309" "Urbano" 269 "Extrapolation" 1 10.5566995300088 9.06352531844069 12.049873741577 0.978773512385159 0.954637631460658 1 "Urbano" 0.978773512385159 269 "Extrapolation" 1 10.5566995300088 8.70205144685504 12.4113476131626
"310" "Urbano" 279 "Extrapolation" 1 10.5820890918806 9.08093848475567 12.0832396990055 0.97965598208369 0.955646226805304 1 "Urbano" 0.97965598208369 279 "Extrapolation" 1 10.5820890918806 8.72508324186488 12.4390949418963
"311" "Urbano" 288 "Extrapolation" 1 10.6039443476279 9.09582847312882 12.112060222127 0.980418792782321 0.956539093002695 1 "Urbano" 0.980418792782321 288 "Extrapolation" 1 10.6039443476279 8.74531569112247 12.4625730041333
"312" "Urbano" 298 "Extrapolation" 1 10.6271710021647 9.11154514785655 12.1427968564728 0.981232861616685 0.957514117238945 1 "Urbano" 0.981232861616685 298 "Extrapolation" 1 10.6271710021647 8.76716437406351 12.4871776302659
"313" "Urbano" 308 "Extrapolation" 1 10.6493343209962 9.12643166985605 12.1722369721363 0.982013086364742 0.958470723960963 1 "Urbano" 0.982013086364742 308 "Extrapolation" 1 10.6493343209962 8.78840463282726 12.5102640091651
"314" "Urbano" 318 "Extrapolation" 1 10.6704829845219 9.14052869478518 12.2004372742586 0.98276087406006 0.959408516915813 1 "Urbano" 0.98276087406006 318 "Extrapolation" 1 10.6704829845219 8.80900528743075 12.5319606816131
"315" "Urbano" 328 "Extrapolation" 1 10.6906634445119 9.15387498827337 12.2274519007504 0.983477573240216 0.960327190918714 1 "Urbano" 0.983477573240216 328 "Extrapolation" 1 10.6906634445119 8.82892889646531 12.5523979925584
"316" "Urbano" 338 "Extrapolation" 1 10.7099200261352 9.16650751551625 12.2533325367541 0.984164476378704 0.961226526769316 1 "Urbano" 0.984164476378704 338 "Extrapolation" 1 10.7099200261352 8.84834059498671 12.5714994572836
"317" "Urbano" 348 "Extrapolation" 1 10.7282950253175 9.17846152533575 12.2781285252993 0.984822822215742 0.962106384795892 1 "Urbano" 0.984822822215742 348 "Extrapolation" 1 10.7282950253175 8.86711034844644 12.5894797021886
"318" "Urbano" 358 "Extrapolation" 1 10.7458288016417 9.18977062929015 12.3018869739932 0.985453797992179 0.962966697907273 1 "Urbano" 0.985453797992179 358 "Extrapolation" 1 10.7458288016417 8.88531172268388 12.6063458805994
"319" "Urbano" 368 "Extrapolation" 1 10.7625598669949 9.2004668763314 12.3246528576584 0.986058541590533 0.963807464615822 1 "Urbano" 0.986058541590533 368 "Extrapolation" 1 10.7625598669949 8.90297364615322 12.6221460878366
"320" "Urbano" 378 "Extrapolation" 1 10.7785249701581 9.21058082343407 12.346469116882 0.986638143587007 0.964628742270643 1 "Urbano" 0.986638143587007 378 "Extrapolation" 1 10.7785249701581 8.92013989688006 12.636910043436
"321" "Urbano" 1 "Rarefaction" 2 0.883597883597884 0.742646872438397 1.02454889475737 0.109695502611854 0.0840658668498796 0.135325138373828 "Urbano" 0.109696474005084 1 "Rarefaction" 2 0.883604725084805 0.766622323042996 1.00058712712661
"322" "Urbano" 11 "Rarefaction" 2 4.63509069031885 4.06348272806779 5.20669865256991 0.630377002931107 0.569754713114082 0.690999292748132 "Urbano" 0.630376794612832 11 "Rarefaction" 2 4.63508913395587 3.97991326168119 5.29026500623055
"323" "Urbano" 21 "Rarefaction" 2 5.80966753981235 5.04793651333752 6.57139856628717 0.790009452626535 0.743470412918352 0.836548492334719 "Urbano" 0.79000955645646 21 "Rarefaction" 2 5.80966832719835 4.98778913418344 6.63154752021326
"324" "Urbano" 32 "Rarefaction" 2 6.42534780623949 5.53726834178201 7.31342727069697 0.863146511217697 0.826217885724941 0.900075136710454 "Urbano" 0.863146517274633 32 "Rarefaction" 2 6.42534786103174 5.47690874290567 7.37378697915781
"325" "Urbano" 42 "Rarefaction" 2 6.75052401184502 5.78756014386652 7.71348787982351 0.895757129857389 0.863189459164624 0.928324800550153 "Urbano" 0.895757053531824 42 "Rarefaction" 2 6.75052316803487 5.71561405254551 7.78543228352423
"326" "Urbano" 52 "Rarefaction" 2 6.96751756172157 5.95135889156272 7.98367623188041 0.914602631394597 0.884491784155312 0.944713478633881 "Urbano" 0.914602647275422 52 "Rarefaction" 2 6.96751775328988 5.87039497287627 8.0646405337035
"327" "Urbano" 63 "Rarefaction" 2 7.13572645664233 6.07653596329161 8.19491694999304 0.927696759136632 0.899419513386805 0.955974004886458 "Urbano" 0.927696750952151 63 "Rarefaction" 2 7.13572634510594 5.989870502281 8.28158218793089
"328" "Urbano" 73 "Rarefaction" 2 7.2490552046829 6.15998226094909 8.3381281484167 0.935915809911771 0.908925512996962 0.96290610682658 "Urbano" 0.935915802337263 73 "Rarefaction" 2 7.2490550963983 6.07047615457856 8.42763403821803
"329" "Urbano" 84 "Rarefaction" 2 7.34529733485739 6.23028223427187 8.46031243544291 0.942630072347201 0.916769819625671 0.968490325068731 "Urbano" 0.942630069784077 84 "Rarefaction" 2 7.34529729726355 6.14084042849089 8.54975416603622
"330" "Urbano" 94 "Rarefaction" 2 7.41479743529298 6.28072492656783 8.54886994401814 0.947402721740247 0.92234924055113 0.972456202929363 "Urbano" 0.947402716884633 94 "Rarefaction" 2 7.41479736381145 6.19197468601358 8.63762004160931
"331" "Urbano" 104 "Rarefaction" 2 7.47189966010676 6.32196585400734 8.62183346620617 0.95133596293302 0.926901903119106 0.975770022746934 "Urbano" 0.951335963653711 104 "Rarefaction" 2 7.4718996704076 6.23556425892893 8.70823508188627
"332" "Urbano" 115 "Rarefaction" 2 7.52399814780128 6.35943257988171 8.68856371572084 0.95499025150336 0.931044767725291 0.978935735281429 "Urbano" 0.954990256174766 115 "Rarefaction" 2 7.52399821294088 6.27410034460508 8.77389608127668
"333" "Urbano" 125 "Rarefaction" 2 7.56388868230452 6.38801639092563 8.7397609736834 0.957869329746479 0.934213639597479 0.98152501989548 "Urbano" 0.957869326017556 125 "Rarefaction" 2 7.56388863106817 6.30523565079742 8.82254161133891
"334" "Urbano" 136 "Rarefaction" 2 7.601374320758 6.41479504022175 8.78795360129425 0.960665525633527 0.937181383228184 0.98414966803887 "Urbano" 0.960665519399 136 "Rarefaction" 2 7.60137423805821 6.33510538686653 8.86764308924989
"335" "Urbano" 146 "Rarefaction" 2 7.63080869595115 6.4357664295927 8.82585096230961 0.962930824838457 0.939486961941198 0.986374687735716 "Urbano" 0.962930828584002 146 "Rarefaction" 2 7.63080874368027 6.35883010064904 8.90278738671151
"336" "Urbano" 156 "Rarefaction" 2 7.65665605350251 6.45414173276062 8.8591703742444 0.964965020360854 0.941466369332425 0.988463671389283 "Urbano" 0.964965023304433 156 "Rarefaction" 2 7.65665609039476 6.3810303744995 8.93228180629002
"337" "Urbano" 167 "Rarefaction" 2 7.68167855848851 6.47189461868548 8.89146249829154 0.966954753846828 0.943300316638999 0.990609191054656 "Urbano" 0.966954757293205 167 "Rarefaction" 2 7.68167860161138 6.40275679288865 8.96060041033412
"338" "Urbano" 177 "Rarefaction" 2 7.70184573541851 6.48617696444455 8.91751450639247 0.968546002886025 0.944673072480283 0.992418933291767 "Urbano" 0.968546002213921 177 "Rarefaction" 2 7.70184572675877 6.42114709883325 8.98254435468428
"339" "Urbano" 188 "Rarefaction" 2 7.72165419180628 6.50018284123256 8.94312554238 0.970059880239521 0.945869982810837 0.994249777668205 "Urbano" 0.970059880239521 188 "Rarefaction" 2 7.72134213526795 6.43952178672396 9.00316248381194
"340" "Urbano" 189 "Observed" 2 7.72334533370258 6.50137755950815 8.945313107897 0.97018674515376 0.945986308949604 0.994387181357917 "Urbano" 0.97018674515376 189 "Observed" 2 7.72334533370258 6.44144184033234 9.00524882707282
"341" "Urbano" 190 "Extrapolation" 2 7.72501940337183 6.50256005740277 8.94747874934088 0.970313072504804 0.94610227280942 0.994523872200187 "Urbano" 0.970313072504804 190 "Extrapolation" 2 7.72501940337183 6.44303593133344 9.00700287541022
"342" "Urbano" 199 "Extrapolation" 2 7.73935858217543 6.51268219175986 8.96603497259099 0.971426200992794 0.94713197466686 0.995720427318727 "Urbano" 0.971426200992794 199 "Extrapolation" 2 7.73935858217543 6.45670745254689 9.02200971180397
"343" "Urbano" 209 "Extrapolation" 2 7.75389674471718 6.52293289375972 8.98486059567464 0.972614127712151 0.948252974769762 0.996975280654539 "Urbano" 0.972614127712151 209 "Extrapolation" 2 7.75389674471718 6.47079573802662 9.03699775140774
"344" "Urbano" 219 "Extrapolation" 2 7.76715466691278 6.5322704669267 9.00203886689886 0.97375266758273 0.94935546601413 0.998149869151331 "Urbano" 0.97375266758273 219 "Extrapolation" 2 7.76715466691278 6.48362738646579 9.05068194735976
"345" "Urbano" 229 "Extrapolation" 2 7.77929432512425 6.5408117044161 9.0177769458324 0.974843873812691 0.950442167401874 0.999245580223509 "Urbano" 0.974843873812691 229 "Extrapolation" 2 7.77929432512425 6.49553266158587 9.06305598866263
"346" "Urbano" 239 "Extrapolation" 2 7.79045147705231 6.54865429841438 9.03224865569024 0.975889714250145 0.951513969936439 1 "Urbano" 0.975889714250145 239 "Extrapolation" 2 7.79045147705231 6.50646990510782 9.0744330489968
"347" "Urbano" 249 "Extrapolation" 2 7.80074076033909 6.55588059117342 9.04560092950476 0.976892074931914 0.952570831803674 1 "Urbano" 0.976892074931914 249 "Extrapolation" 2 7.80074076033909 6.51656765593805 9.08491386474013
"348" "Urbano" 259 "Extrapolation" 2 7.81025964591557 6.56256047558814 9.057958816243 0.977852763484751 0.953612270805897 1 "Urbano" 0.977852763484751 259 "Extrapolation" 2 7.81025964591557 6.52600454389658 9.09451474793456
"349" "Urbano" 269 "Extrapolation" 2 7.81909153538721 6.5687536620632 9.06942940871122 0.978773512385159 0.954637631460658 1 "Urbano" 0.978773512385159 269 "Extrapolation" 2 7.81909153538721 6.53459519083955 9.10358787993488
"350" "Urbano" 279 "Extrapolation" 2 7.82730821114443 6.57451146750669 9.08010495478217 0.97965598208369 0.955646226805304 1 "Urbano" 0.97965598208369 279 "Extrapolation" 2 7.82730821114443 6.54273070583318 9.11188571645568
"351" "Urbano" 288 "Extrapolation" 2 7.83422872592768 6.57935802016268 9.08909943169269 0.980418792782321 0.956539093002695 1 "Urbano" 0.980418792782321 288 "Extrapolation" 2 7.83422872592769 6.54958526091677 9.1188721909386
"352" "Urbano" 298 "Extrapolation" 2 7.84144091776336 6.58440594637621 9.09847588915051 0.981232861616685 0.957514117238945 1 "Urbano" 0.981232861616685 298 "Extrapolation" 2 7.84144091776336 6.55675908073917 9.12612275478754
"353" "Urbano" 308 "Extrapolation" 2 7.84819680947187 6.58913182249042 9.10726179645332 0.982013086364742 0.958470723960963 1 "Urbano" 0.982013086364742 308 "Extrapolation" 2 7.84819680947187 6.56349269477546 9.13290092416828
"354" "Urbano" 318 "Extrapolation" 2 7.85453837690772 6.59356551306042 9.11551124075502 0.98276087406006 0.959408516915813 1 "Urbano" 0.98276087406006 318 "Extrapolation" 2 7.85453837690772 6.56982077665344 9.139255977162
"355" "Urbano" 328 "Extrapolation" 2 7.86050260052665 6.59773330104455 9.12327190000875 0.983477573240216 0.960327190918714 1 "Urbano" 0.983477573240216 328 "Extrapolation" 2 7.86050260052665 6.57575303734827 9.14525216370503
"356" "Urbano" 338 "Extrapolation" 2 7.86612218702177 6.60165840905913 9.1305859649844 0.984164476378704 0.961226526769316 1 "Urbano" 0.984164476378704 338 "Extrapolation" 2 7.86612218702177 6.58139724599715 9.15084712804638
"357" "Urbano" 348 "Extrapolation" 2 7.8714261693754 6.60536143217928 9.13749090657151 0.984822822215742 0.962106384795892 1 "Urbano" 0.984822822215742 348 "Extrapolation" 2 7.8714261693754 6.58670617653409 9.1561461622167
"358" "Urbano" 358 "Extrapolation" 2 7.87644040857291 6.60886069931469 9.14402011783113 0.985453797992179 0.962966697907273 1 "Urbano" 0.985453797992179 358 "Extrapolation" 2 7.87644040857291 6.59173387387641 9.16114694326941
"359" "Urbano" 368 "Extrapolation" 2 7.88118801528058 6.61217257654349 9.15020345401767 0.986058541590533 0.963807464615822 1 "Urbano" 0.986058541590533 368 "Extrapolation" 2 7.88118801528058 6.59650763400121 9.16586839655995
"360" "Urbano" 378 "Extrapolation" 2 7.88568970599736 6.6153117229962 9.15606768899853 0.986638143587007 0.964628742270643 1 "Urbano" 0.986638143587007 378 "Extrapolation" 2 7.88568970599736 6.60105846673019 9.17032094526454
